0.0 0.0
0.1 0.0
0.2 0.0
0.30000000000000004 0.0
0.4 0.0
0.5 0.0
0.6000000000000001 0.0
0.7000000000000001 0.0
0.8 0.0
0.9 0.06590601780619079
1.0 0.05395930762984201
1.1 0.06748311395016765
1.2000000000000002 0.3236983198647345
1.3 0.4407992068445137
1.4000000000000001 0.35381400208949493
1.5 0.5573674668144916
1.6 0.5902501007195815
1.7000000000000002 0.6121944733433599
1.8 0.8521577511669012
1.9000000000000001 0.9235506737100653
2.0 0.9914648356728306
2.1 0.9850977708356483
2.2 1.1816875233446409
2.3000000000000003 0.9054222023778679
2.4000000000000004 1.071036829068069
2.5 1.0253098167368029
2.6 0.9663505050329654
2.7 0.9681997759073414
2.8000000000000003 0.916112578245676
2.9000000000000004 1.008972921010326
3.0 1.0206931804599406
3.1 1.019916103571115
3.2 1.0623887852958496
3.3000000000000003 1.0158276367920938
3.4000000000000004 1.0478244771597813
3.5 0.9282185419747074
3.6 1.0523279983487615
3.7 0.9884887290232387
3.8000000000000003 0.992028584190014
3.9000000000000004 0.9977630444055589
4.0 1.0325789514018302
4.1000000000000005 0.9903313492354096
4.2 1.039859286849643
4.3 0.9878820995596262
4.4 0.9875752190152207
4.5 0.9978432130801421
4.6000000000000005 1.0132072365925382
4.7 0.9921051248898827
4.800000000000001 0.9832529723250797
4.9 1.013173902084642
5.0 0.9746139876665719
5.1000000000000005 1.008961745136638
5.2 0.9870918596255063
5.300000000000001 0.9848563346761023
5.4 1.0402441362835742
5.5 1.0446506775425495
5.6000000000000005 0.9874857546298887
5.7 0.9642417841559945
5.800000000000001 0.9706999318804479
5.9 1.0064520948167222
6.0 0.9165293798521708
6.1000000000000005 0.994787651511581
6.2 0.9997873727718554
6.300000000000001 1.0150545542296374
6.4 1.0267551371909507
6.5 1.0157647862830923
6.6000000000000005 1.0211210244309066
6.7 1.0178764732641108
6.800000000000001 0.9997938687558735
6.9 0.9663001978589828
7.0 0.9750165711178895
7.1000000000000005 1.0253763703353407
7.2 0.9621739448438903
7.300000000000001 1.0193737899405735
7.4 0.9846836404893721
7.5 1.0068154912438165
7.6000000000000005 1.0183055964175647
7.7 0.974850550355587
7.800000000000001 0.9926810960771536
7.9 1.0121375651060491
8.0 0.9807168693070032
8.1 0.9998204514387703
8.200000000000001 1.019902000220726
8.3 0.984519388142458
8.4 1.012216256109889
8.5 0.9915278044785512
8.6 1.0053361561897394
8.700000000000001 1.0046499989776303
8.8 1.001837665573461
8.9 0.9654541859388097
9.0 1.0060223296756805
9.1 1.003708215955798
9.200000000000001 1.0099559972410648
9.3 1.0112818193401605
9.4 0.9926591168353665
9.5 0.9951529272848489
9.600000000000001 1.0110759745317317
9.700000000000001 0.9826141472412961
9.8 1.020137166226567
9.9 1.0439339252223594
