0.0 0.0
0.1 0.0
0.2 0.0
0.30000000000000004 0.0
0.4 0.0
0.5 0.0
0.6000000000000001 0.0
0.7000000000000001 0.0
0.8 0.0
0.9 0.09885902670928619
1.0 0.05395930762984201
1.1 0.1799549705337804
1.2000000000000002 0.17136969875191826
1.3 0.39182151719512326
1.4000000000000001 0.4528819226745535
1.5 0.6812269038843786
1.6 0.6776945600854455
1.7000000000000002 0.7482376896418843
1.8 0.6173795952331631
1.9000000000000001 1.0096443805813424
2.0 0.9631372689393212
2.1 0.940027938183037
2.2 0.9994372087989499
2.3000000000000003 1.0994412457445537
2.4000000000000004 0.9569912407876726
2.5 0.9886916089962028
2.6 1.093501887274145
2.7 1.0429794333961198
2.8000000000000003 0.9344348298105896
2.9000000000000004 0.9645097075420743
3.0 0.924703226184711
3.1 1.0289153633085073
3.2 1.0116646523109019
3.3000000000000003 0.9840001390335947
3.4000000000000004 0.9352896287774659
3.5 1.0226937116413444
3.6 1.0277513359669432
3.7 1.0075388330086972
3.8000000000000003 1.036207994821958
3.9000000000000004 1.0301951127705578
4.0 1.028949499903054
4.1000000000000005 1.0266262154377543
4.2 1.0316195143706444
4.3 0.984735978223449
4.4 1.0056131225588778
4.5 0.9719625533748935
4.6000000000000005 0.9925576325858968
4.7 0.9960629910796029
4.800000000000001 1.0009692420967027
4.9 1.0423299855978692
5.0 0.9687779757643769
5.1000000000000005 1.015695638875036
5.2 1.027050720463738
5.300000000000001 1.02541536007459
5.4 0.9500495579930908
5.5 0.9663743548034684
5.6000000000000005 0.9800259944438272
5.7 1.0164602934753668
5.800000000000001 0.9785281571375484
5.9 0.9568441803687802
6.0 1.0067997979210181
6.1000000000000005 1.0081669158119742
6.2 0.9670199512557046
6.300000000000001 0.9781434795303778
6.4 1.030332681222975
6.5 1.042130265708473
6.6000000000000005 0.9874650908636388
6.7 1.0289829559633983
6.800000000000001 1.009309673344286
6.9 1.0051247593801027
7.0 0.9983738476987235
7.1000000000000005 1.0015033259379817
7.2 0.9678371228594518
7.300000000000001 0.9896190955314973
7.4 1.0098906835737949
7.5 0.9859272030437374
7.6000000000000005 1.026952547036495
7.7 0.9817889884364097
7.800000000000001 0.9781894012439105
7.9 0.986704606280676
8.0 1.0119528164324723
8.1 0.98682413001711
8.200000000000001 0.9910368492710828
8.3 1.01397812091862
8.4 0.9450964796544968
8.5 1.0037437527883486
8.6 0.9743048066912038
8.700000000000001 1.0170914850330808
8.8 0.9900558113880373
8.9 0.9988994810637107
9.0 1.0118374876506844
9.1 1.04495162830113
9.200000000000001 1.0009105766663944
9.3 1.0102603225529483
9.4 0.9946591016241549
9.5 1.015062513563752
9.600000000000001 1.0165101482804004
9.700000000000001 0.9901293606045183
9.8 1.0051035658821754
9.9 1.002741831974818
