0.0 0.0
0.1 0.0
0.2 0.0
0.30000000000000004 0.0
0.4 0.0
0.5 0.0
0.6000000000000001 0.0
0.7000000000000001 0.0
0.8 0.0
0.9 0.0
1.0 0.0
1.1 0.15746059921705785
1.2000000000000002 0.20945185403012231
1.3 0.27754024134654565
1.4000000000000001 0.31135632183875556
1.5 0.4458939734515932
1.6 0.6886251175061785
1.7000000000000002 0.6510639637143668
1.8 0.8695487256805114
1.9000000000000001 0.7435365593428491
2.0 0.9277278105224344
2.1 0.8949581055304257
2.2 0.8348240214673582
2.3000000000000003 1.1048306636158507
2.4000000000000004 0.9321987215962821
2.5 0.9383415733528777
2.6 1.042641334377673
2.7 1.0114932618218972
2.8000000000000003 0.9894015845053301
2.9000000000000004 1.022653909769788
3.0 1.0142938501749252
3.1 1.0439141295374943
3.2 1.0201186744750599
3.3000000000000003 0.8858653542782228
3.4000000000000004 0.9577965984539291
3.5 1.1384257944829745
3.6 0.9674268010297531
3.7 1.0519890756414338
3.8000000000000003 1.0522732350517559
3.9000000000000004 0.9729620509499713
4.0 1.0362084029006065
4.1000000000000005 1.0335395232858202
4.2 1.0101961059252476
4.3 1.069681254300232
4.4 1.0582236745612106
4.5 0.9777138110871709
4.6000000000000005 0.9787912299148026
4.7 1.034322364246899
4.800000000000001 1.0452599165257603
4.9 0.9147721202275004
5.0 0.9687779757643769
5.1000000000000005 1.0100840607597041
5.2 0.9665724446004684
5.300000000000001 0.9910961847374081
5.4 0.9430344241260532
5.5 0.9905337136735551
5.6000000000000005 1.01918973542065
5.7 0.9651421032821905
5.800000000000001 1.0054920441342274
5.9 0.983750167865969
6.0 0.9978540808150963
6.1000000000000005 0.9782603250228601
6.2 1.0310307281709759
6.300000000000001 1.0098870037717411
6.4 1.020315557933307
6.5 1.0275598691839205
6.6000000000000005 0.9787145481361491
6.7 1.0191831182875564
6.800000000000001 1.0365883131644018
6.9 1.009438599549116
7.0 0.9959782295878687
7.1000000000000005 0.9851997834227123
7.2 1.0035151443574888
7.300000000000001 1.0204758156594282
7.4 1.0232986852144454
7.5 1.0031600408088028
7.6000000000000005 0.9943993211769925
7.7 0.9778241666759396
7.800000000000001 1.0013761129770995
7.9 0.9923563749085367
8.0 0.9724485303620262
8.1 1.023124200194851
8.200000000000001 0.9927862523589399
8.3 1.015685873543325
8.4 0.9809492795002343
8.5 0.9935637958635174
8.6 1.0105080477728288
8.700000000000001 1.0470288108540087
8.8 1.0025977851983272
8.9 1.0037304681373076
9.0 0.9656796712240907
9.1 0.9941084561857637
9.200000000000001 0.9984752711270601
9.3 0.9928948771703395
9.4 0.9876591548633952
9.5 1.0222430200905697
9.600000000000001 0.9813478475537198
9.700000000000001 1.0123618668040504
9.8 0.9998878269871825
9.9 0.9681645274239623
