0.0 0.0
0.1 0.0
0.2 0.0
0.30000000000000004 0.0
0.4 0.0
0.5 0.0
0.6000000000000001 0.0
0.7000000000000001 0.0
0.8 0.0
0.9 0.0
1.0 0.026979653814921005
1.1 0.0449887426334451
1.2000000000000002 0.30465724222563245
1.3 0.31019203444613924
1.4000000000000001 0.35381400208949493
1.5 0.6688409601773898
1.6 0.6121112155610475
1.7000000000000002 0.7093681992708774
1.8 0.8260712893964859
1.9000000000000001 0.892243871211419
2.0 0.7365167350712456
2.1 0.9271508431394337
2.2 0.8936144455143552
2.3000000000000003 1.0078211419325076
2.4000000000000004 0.9123647062431698
2.5 1.1077007841531532
2.6 1.029926196153555
2.7 1.0272363476090085
2.8000000000000003 1.0370394385741053
2.9000000000000004 0.995291932250864
3.0 1.0270925107449558
3.1 1.0859106749786578
3.2 1.0173006670870073
3.3000000000000003 0.9893047219933446
3.4000000000000004 1.0028105378068553
3.5 0.9730942475663599
3.6 1.0500937563140507
3.7 0.9376884517286825
3.8000000000000003 0.9960448942474636
3.9000000000000004 1.0034863505876175
4.0 1.0398378543993827
4.1000000000000005 0.9886030222733931
4.2 1.0036042879420486
4.3 1.0209163735894864
4.4 1.0086194398161539
4.5 0.9690869245187548
4.6000000000000005 1.047623243270274
4.7 1.0039787234590436
4.800000000000001 1.019950959709156
4.9 1.0289667806543066
5.0 1.003794047177547
5.1000000000000005 1.032530373221031
5.2 0.9449730603635864
5.300000000000001 0.997336034798714
5.4 1.0191987346824614
5.5 0.9383494985141678
5.6000000000000005 1.001472804978754
5.7 1.0326660377468961
5.800000000000001 1.0559406069022077
5.9 0.9736604225545232
6.0 0.9685771884684431
6.1000000000000005 0.9428446254041726
6.2 0.992167042186704
6.300000000000001 1.0231749906634746
6.4 0.9509112037120372
6.5 0.9998067329466775
6.6000000000000005 1.0090048883466902
6.7 0.9839037026545255
6.800000000000001 1.0194598649052593
6.9 0.9921832388730627
7.0 1.0067585110867152
7.1000000000000005 1.0003387871868912
7.2 0.9927551061279221
7.300000000000001 1.036455188582821
7.4 1.0045274829175348
7.5 0.9895826534787513
7.6000000000000005 1.023392037958112
7.7 0.9807977829962922
7.800000000000001 1.0013761129770995
7.9 1.0493450419061319
8.0 1.0174650423957903
8.1 0.9957871103079102
8.200000000000001 0.9770416245682255
8.3 1.009281801200681
8.4 0.9821999585646205
8.5 0.9915278044785512
8.6 1.006131831817907
8.700000000000001 0.996096477314508
8.8 0.9676322824544887
8.9 0.9974130235026041
9.0 1.0009340664475521
9.1 0.9898418962879707
9.200000000000001 1.0395275645044098
9.3 1.012303316127373
9.4 1.010658979934463
9.5 0.9941737673039193
9.600000000000001 0.9855033921850549
9.700000000000001 1.0145538040349902
9.8 0.9879223083457279
9.9 1.0009377986939039
