0.0 0.0
0.1 0.0
0.2 0.0
0.30000000000000004 0.0
0.4 0.0
0.5 0.0
0.6000000000000001 0.0
0.7000000000000001 0.0
0.8 0.0
0.9 0.0
1.0 0.026979653814921005
1.1 0.1349662279003353
1.2000000000000002 0.17136969875191826
1.3 0.35916972409552966
1.4000000000000001 0.3679665621730747
1.5 0.6936128475913672
1.6 0.5246667561951835
1.7000000000000002 0.6996508266781256
1.8 0.7391164168284348
1.9000000000000001 0.8061501643401418
2.0 1.0693656441899815
2.1 0.8176955352688061
2.2 0.858340191086157
2.3000000000000003 1.094051827873257
2.4000000000000004 0.9817837599790631
2.5 0.9383415733528777
2.6 0.962112125624926
2.7 0.9878786331412305
2.8000000000000003 0.9967304851312956
2.9000000000000004 1.0534361344785776
3.0 0.9918961941773717
3.1 0.9449222724261802
3.2 1.0313907040272705
3.3000000000000003 1.108657838587716
3.4000000000000004 1.0128136354408388
3.5 0.968370489083028
3.6 0.9651925589950423
3.7 0.9863720508026321
3.8000000000000003 1.0422324599081323
3.9000000000000004 1.0988747869552618
4.0 0.9599899214263061
4.1000000000000005 1.0041579649315409
4.2 1.0777622402530374
4.3 1.003612706240512
4.4 0.9590152050710972
4.5 1.0265995016415295
4.6000000000000005 1.025596998996523
4.7 0.9921051248898827
4.800000000000001 0.9630058068717962
4.9 0.9548617350581877
5.0 0.982784404329645
5.1000000000000005 1.019062585744235
5.2 1.060529766030905
5.300000000000001 1.020215485023502
5.4 0.9881317132712949
5.5 0.9731389752870927
5.6000000000000005 0.9707012942112504
5.7 1.0002545492038375
5.800000000000001 0.9880959880073377
5.9 0.9955215373959891
6.0 0.9661374474395553
6.1000000000000005 0.9845564493995157
6.2 0.99750127359631
6.300000000000001 0.993646130904067
6.4 1.0238931019653312
6.5 0.9991129045407464
6.6000000000000005 1.0076586510039995
6.7 1.0152631832172194
6.800000000000001 0.9871061293046568
6.9 1.0273102231064568
7.0 1.0103519382529973
7.1000000000000005 0.9654026246541708
7.2 1.0210709962057294
7.300000000000001 1.0359041757233935
7.4 0.9884378809487542
7.5 1.0271815722388937
7.6000000000000005 1.0203401730337835
7.7 1.0065691244393478
7.800000000000001 1.0192492032714326
7.9 0.9815238183718037
8.0 1.000928364505836
8.1 0.9518685068829889
8.200000000000001 1.0024079693421544
8.3 0.9772614394874615
8.4 0.985951995757779
8.5 1.0281756494079433
8.6 1.0069275074460746
8.700000000000001 0.9758790624744009
8.8 1.0022177253858942
8.9 1.020453115699758
9.0 0.9929382242319217
9.1 1.0033526692976484
9.200000000000001 0.983515537099721
9.3 0.9891493889505611
9.4 1.0043256947699661
9.5 0.9889515807389611
9.600000000000001 1.0155511764424001
9.700000000000001 0.9973314400776062
9.8 0.9796384877477979
9.9 1.0334103977503597
