0.0 0.0
0.1 0.0
0.2 0.0
0.30000000000000004 0.0
0.4 0.0
0.5 0.0
0.6000000000000001 0.0
0.7000000000000001 0.0
0.8 0.0
0.9 0.09885902670928619
1.0 0.05395930762984201
1.1 0.2699324558006706
1.2000000000000002 0.36178047514293854
1.3 0.39182151719512326
1.4000000000000001 0.3962716823402343
1.5 0.6688409601773898
1.6 0.6886251175061785
1.7000000000000002 0.7288029444563808
1.8 0.6869434932876041
1.9000000000000001 0.8139768649648033
2.0 0.9277278105224344
2.1 0.9271508431394337
2.2 0.9759210391801512
2.3000000000000003 1.0293788134176949
2.4000000000000004 1.1107048597742937
2.5 1.043618920607103
2.6 0.949396987400808
2.7 1.0547867477364532
2.8000000000000003 1.0077238360702436
2.9000000000000004 0.9166262468839572
3.0 0.9598995427522952
3.1 0.9869188178673437
3.2 1.0567527705197444
3.3000000000000003 1.007870762352469
3.4000000000000004 1.0053113122153512
3.5 0.9730942475663599
3.6 1.0255170939322324
3.7 1.056222432082647
3.8000000000000003 1.036207994821958
3.9000000000000004 0.9825008945867357
4.0 1.0162464196573373
4.1000000000000005 0.9453948482229826
4.2 1.0349154233622437
4.3 1.022489434257575
4.4 0.957512046442459
4.5 0.9906541409397953
4.6000000000000005 1.0269736392636326
4.7 0.9393335756936123
4.800000000000001 0.938962297896022
4.9 1.0556931905414315
5.0 1.0318069043080833
5.1000000000000005 0.9876377482983775
5.2 1.0475701354887759
5.300000000000001 0.9515771343491379
5.4 1.0021619810053701
5.5 1.0204913186724627
5.6000000000000005 0.9884182246531464
5.7 1.020961889106347
5.800000000000001 0.9854865795883042
5.9 1.0426070155160698
6.0 0.9864686226802868
6.1000000000000005 1.0065928847178103
6.2 1.008931769474037
6.300000000000001 1.0121016682536967
6.4 0.9916952056771133
6.5 1.0025820465704018
6.6000000000000005 0.9928500402344016
6.7 1.0276763109399525
6.800000000000001 0.9839341944418527
6.9 0.9835555585350361
7.0 1.0157420790024205
7.1000000000000005 0.9945160934314377
7.2 0.9944540595325906
7.300000000000001 0.9808028897806599
7.4 0.9954100418018924
7.5 1.0386701307489374
7.6000000000000005 1.0040635601040324
7.7 0.9862494129169386
7.800000000000001 1.0149016948214598
7.9 0.9852916641237108
8.0 1.0023064209966654
8.1 0.9971315573515303
8.200000000000001 1.0150911417291189
8.3 1.0062932341074473
8.4 0.991788498058248
8.5 1.0065941407273011
8.6 1.0033469671193205
8.700000000000001 0.9828773983805918
8.8 1.039463587004331
8.9 1.000757553015094
9.0 0.9671334607178417
9.1 1.0033526692976484
9.200000000000001 0.9974315687530598
9.3 0.9939163739575517
9.4 1.0253255350522454
9.5 0.9951529272848489
9.600000000000001 1.0034041998277285
9.700000000000001 0.9935738333959951
9.8 0.9777976387260358
9.9 1.009957965098475
