0.0 0.0
0.1 0.0
0.2 0.0
0.30000000000000004 0.0
0.4 0.0
0.5 0.0
0.6000000000000001 0.0
0.7000000000000001 0.0
0.8 0.0
0.9 0.032953008903095396
1.0 0.08093896144476302
1.1 0.06748311395016765
1.2000000000000002 0.13328754347371422
1.3 0.32651793099593607
1.4000000000000001 0.4104242424238141
1.5 0.6316831290564238
1.6 0.5683889858781156
1.7000000000000002 0.6219118459361116
1.8 0.8608532384237063
1.9000000000000001 0.7435365593428491
2.0 0.8852364604221702
2.1 1.0108519609228548
2.2 0.9053725303237546
2.3000000000000003 0.9700952168334298
2.4000000000000004 1.0859123405829032
2.5 1.1214326120558782
2.6 0.962112125624926
2.7 0.9524566901202302
2.8000000000000003 1.0113882863832264
2.9000000000000004 0.9816109434914019
3.0 1.052689831885017
3.1 1.0289153633085073
3.2 1.1046588961166395
3.3000000000000003 0.9256497264763466
3.4000000000000004 0.9502942752284413
3.5 0.9896274022580214
3.6 0.9830664952727283
3.7 0.9927220854644517
3.8000000000000003 0.9398165534431713
3.9000000000000004 1.0301951127705578
4.0 1.0725029178883685
4.1000000000000005 1.0145279267036396
4.2 1.0497470138244416
4.3 1.0193433129213978
4.4 1.0446952469034678
4.5 0.9575844090941998
4.6000000000000005 0.9856744312503497
4.7 0.9881472587001624
4.800000000000001 1.089550590954818
4.9 0.9973810235149773
5.0 0.9617747614817428
5.1000000000000005 1.0112063763827706
5.2 0.9881718288373504
5.300000000000001 0.997336034798714
5.4 0.9540582059171123
5.5 1.0320878109301044
5.6000000000000005 0.9809584644670849
5.7 0.9912513579418767
5.800000000000001 1.0089712553596053
5.9 1.0140194038003065
6.0 0.9506857542565995
6.1000000000000005 1.0136760246415477
6.2 1.0020734719474007
6.300000000000001 0.9840492514822594
6.4 1.0367722604806184
6.5 1.0268660407779895
6.6000000000000005 1.0561231953408652
6.7 0.960384092232505
6.800000000000001 0.9896436771949002
6.9 1.0001946563298016
7.0 1.0097530337252836
7.1000000000000005 0.9927692853048017
7.2 1.0012498731512642
7.300000000000001 1.0094555584708815
7.4 0.9964826819331445
7.5 0.9911492750937572
7.6000000000000005 0.9832091497877885
7.7 0.9897186319573499
7.800000000000001 0.989782757110505
7.9 1.0549968105339924
8.0 0.9931193777244688
8.1 0.9966834083369902
8.200000000000001 1.0041573724300115
8.3 0.9823846973615766
8.4 1.0168020793459718
8.5 0.9915278044785512
8.6 1.0160777771700018
8.700000000000001 1.0221458387431075
8.8 0.9957567085745328
8.9 0.9877510493554105
9.0 1.0187429877460017
9.1 0.9752644833038447
9.200000000000001 0.9678600014897147
9.3 1.00208834825525
9.4 1.0179922574933542
9.5 1.0000487271894973
9.600000000000001 1.0177887773977343
9.700000000000001 0.9916950300551896
9.8 1.0167622763533362
9.9 0.9627524275812196
