0.0 0.0
0.1 0.0
0.2 0.0
0.30000000000000004 0.0
0.4 0.0
0.5 0.0
0.6000000000000001 0.0
0.7000000000000001 0.0
0.8 0.0
0.9 0.0
1.0 0.05395930762984201
1.1 0.20244934185050295
1.2000000000000002 0.15232862111281623
1.3 0.4081474137449201
1.4000000000000001 0.3962716823402343
1.5 0.6316831290564238
1.6 0.6995556749269114
1.7000000000000002 0.6316292185288633
1.8 0.7825938531124603
1.9000000000000001 0.7200564574688645
2.0 0.9843829439894533
2.1 0.9915363183574499
2.2 0.9230096575378538
2.3000000000000003 1.0347682312889919
2.4000000000000004 0.9371572254345603
2.5 1.1443189918937533
2.6 1.0638332314178698
2.7 1.0980802336510092
2.8000000000000003 1.0003949354442783
2.9000000000000004 0.9645097075420743
3.0 0.924703226184711
3.1 1.0289153633085073
3.2 1.0060286375347967
3.3000000000000003 1.034393677151218
3.4000000000000004 0.9527950496369373
3.5 1.0226937116413444
3.6 0.9875349793421497
3.7 1.0435223627590078
3.8000000000000003 0.9438328635006207
3.9000000000000004 1.0740737934996742
4.0 0.9999138879128444
4.1000000000000005 0.9488515021470154
4.2 1.0036042879420486
4.3 0.9926012815638919
4.4 1.0161352329593443
4.5 0.993529769795934
4.6000000000000005 0.970531388312146
4.7 1.0250873431375516
4.800000000000001 1.013623720505005
4.9 1.0423299855978692
5.0 0.983951606710084
5.1000000000000005 1.0246741638595667
5.2 1.0400103510058671
5.300000000000001 1.0212554600337196
5.4 0.9340149662970049
5.5 1.0224240673820697
5.6000000000000005 1.021987145490423
5.7 1.0236628464849353
5.800000000000001 0.9463454533028023
5.9 0.972819610445236
6.0 0.984028881651399
6.1000000000000005 0.9884915271349255
6.2 1.008931769474037
6.300000000000001 1.0061958963018152
6.4 1.0181690315140925
6.5 1.0192339283127476
6.6000000000000005 1.002946820304582
6.7 1.0021967329827637
6.800000000000001 0.9934499990302652
6.9 0.993415764635638
7.0 0.978011093756458
7.1000000000000005 1.0114019053222525
7.2 1.0091783223730504
7.300000000000001 0.9978842884229073
7.4 1.0254439654769496
7.5 1.0047266624238087
7.6000000000000005 1.0239006821121668
7.7 0.9877362210771149
7.800000000000001 0.9931641525715951
7.9 1.0173183530149212
8.0 0.9986316036877868
8.1 1.0069908356714106
8.200000000000001 0.9801030799719755
8.3 0.9887887697042206
8.4 1.0180527584103578
8.5 0.9471431922862875
8.6 0.9914118326968068
8.700000000000001 0.9727686909605383
8.8 0.9794141366399125
8.9 1.0085614552109043
9.0 1.0005706190741144
9.1 0.9965972827928096
9.200000000000001 1.0203930209810688
9.3 0.9966403653901179
9.4 1.033658805005531
9.5 1.0016806604910466
9.600000000000001 1.0209853501910688
9.700000000000001 0.9985839756381432
9.8 1.0192167417156859
9.9 0.9868062046600758
