0.0 0.0
0.1 0.0
0.2 0.0
0.30000000000000004 0.0
0.4 0.0
0.5 0.0
0.6000000000000001 0.0
0.7000000000000001 0.0
0.8 0.0
0.9 0.0
1.0 0.05395930762984201
1.1 0.11247185658361275
1.2000000000000002 0.22849293166922435
1.3 0.3754956206453265
1.4000000000000001 0.4245768025073939
1.5 0.3839642549166497
1.6 0.5465278710366496
1.7000000000000002 0.6219118459361116
1.8 0.9304171364781473
1.9000000000000001 0.837456966838788
2.0 0.842745110321906
2.1 1.0494832460536645
2.2 1.0111952936083493
2.3000000000000003 0.9593163810908362
2.4000000000000004 1.0214517906852878
2.5 1.1168553360883031
2.6 0.9833040226651226
2.7 1.0272363476090085
2.8000000000000003 1.004059385757261
2.9000000000000004 1.0465956400988465
3.0 0.998295524462387
3.1 0.9959180776047359
3.2 0.9834845784303754
3.3000000000000003 0.9733909731140951
3.4000000000000004 1.0503252515682773
3.5 1.001436798466351
3.6 0.9562555908561994
3.7 1.0202389023323362
3.8000000000000003 0.9297757782995476
3.9000000000000004 0.9672387447679126
4.0 1.0670587406402041
4.1000000000000005 0.8883600584764407
4.2 1.0316195143706444
4.3 0.9312519155084374
4.4 1.0567205159325725
4.5 1.0409776459222233
4.6000000000000005 1.0421166822018362
4.7 0.9855086812403488
4.800000000000001 0.9984383464150424
4.9 1.0265371070282043
5.0 0.981617201949206
5.1000000000000005 1.0078394295135715
5.2 1.0421702894295553
5.300000000000001 1.0243753850643726
5.4 1.0442527842075955
5.5 1.0050293289956072
5.6000000000000005 0.9781610543973118
5.7 0.9633414650297984
5.800000000000001 0.9907053964263711
5.9 0.9862726041938306
6.0 0.9580049773432628
6.1000000000000005 0.9774733094757782
6.2 0.9837846785430375
6.300000000000001 1.0202221046875337
6.4 1.0009968201603763
6.5 1.0379672952728867
6.6000000000000005 1.019774787088216
6.7 1.0028500554944866
6.800000000000001 1.0302444434387934
6.9 0.9903344502291999
7.0 1.001368370337292
7.1000000000000005 0.9980097096847097
7.2 0.9593423558361096
7.300000000000001 0.985762005515506
7.4 1.0045274829175348
7.5 0.9817495454037216
7.6000000000000005 1.0223747496500024
7.7 1.0209416033210519
7.800000000000001 0.9902658136049465
7.9 0.9834077412477573
8.0 0.9628021349262196
8.1 1.023124200194851
8.200000000000001 1.0085308801496544
8.3 1.0109895538253861
8.4 1.025556832796675
8.5 0.9923422010325377
8.6 0.9941966973953933
8.700000000000001 0.9984292559499051
8.8 0.9615513254555602
8.9 1.007818226430351
9.0 1.0092933560366202
9.1 0.9869975230227754
9.200000000000001 1.0148266083197333
9.3 1.0129843139855144
9.4 1.0186589190896171
9.5 1.015062513563752
9.600000000000001 1.00724008717973
9.700000000000001 0.9863717539229072
9.8 0.9980469779654202
9.9 1.0000357820534467
