0.0 0.0
0.1 0.0
0.2 0.0
0.30000000000000004 0.0
0.4 0.0
0.5 0.0
0.6000000000000001 0.0
0.7000000000000001 0.10568361435193907
0.8 0.16461318733159172
0.9 0.13181203561238158
1.0 0.18885757670444703
1.1 0.0899774852668902
1.2000000000000002 0.4379447856993467
1.3 0.4244733102947169
1.4000000000000001 0.4953396029252929
1.5 0.5078236919865368
1.6 0.5793195432988485
1.7000000000000002 0.7871071800128913
1.8 0.8608532384237063
1.9000000000000001 0.8844171705867574
2.0 0.9348097022058117
2.1 1.0366061510100613
2.2 0.9759210391801512
2.3000000000000003 1.061715320645476
2.4000000000000004 1.0115347830087318
2.5 0.9658052291583278
2.6 1.1019786460902237
2.7 0.9485209186734523
2.8000000000000003 1.0956706435818286
2.9000000000000004 0.9850311906812674
3.0 1.0814868181675859
3.1 0.9539215321635723
3.2 0.9073983789529538
3.3000000000000003 0.9840001390335947
3.4000000000000004 1.0028105378068553
3.5 0.9967130399830192
3.6 1.0165801257933895
3.7 1.0160055458911232
3.8000000000000003 0.9639144137878679
3.9000000000000004 1.0397339564073222
4.0 0.9382132124336489
4.1000000000000005 1.0784760242982472
4.2 0.9854767884882513
4.3 0.9863090388915376
4.4 0.9665309982142876
4.5 1.0337885737818764
4.6000000000000005 1.0448699627360551
4.7 0.9617614841020272
4.800000000000001 0.9921111072108912
4.9 0.9840178185714149
5.0 1.0166332733623762
5.1000000000000005 0.9820261701830458
5.2 0.9784521059307535
5.300000000000001 0.9858963096863199
5.4 0.9891338752523002
5.5 1.027255939156087
5.6000000000000005 0.9930805747694348
5.7 1.0218622082325433
5.800000000000001 0.9759187487185149
5.9 1.0182234643467423
6.0 0.9978540808150963
6.1000000000000005 0.9995097447940727
6.2 0.9738782487823409
6.300000000000001 0.9995519028559484
6.4 1.0231775931589264
6.5 1.0067450170059882
6.6000000000000005 1.0076586510039995
6.7 1.051195921361973
6.800000000000001 0.9934499990302652
6.9 0.9718465637905713
7.0 0.9863957571444497
7.1000000000000005 1.0457557984794275
7.2 0.976331889882794
7.300000000000001 0.9973332755634801
7.4 1.0216897250175674
7.5 1.0083821128588226
7.6000000000000005 0.9516732122363953
7.7 0.9698945231549994
7.800000000000001 1.0477495364434775
7.9 1.0568807334099461
8.0 0.9990909558513967
8.1 0.9975797063660703
8.200000000000001 1.003282670886083
8.3 1.002450790701861
8.4 0.985535102736317
8.5 0.984605433769666
8.6 1.0339804788037723
8.700000000000001 0.9867653627729202
8.8 1.0033579048231933
8.9 1.0033588537470308
9.0 0.9740389608131589
9.1 0.9891308029716719
9.200000000000001 0.9852550410563883
9.3 1.0211562882832126
9.4 1.0186589190896171
9.5 1.0052709137544555
9.600000000000001 1.0123546036490654
9.700000000000001 0.989816226714384
9.8 0.9851610348130846
9.9 0.9940223377837327
