0.0 0.0
0.1 0.0
0.2 0.0
0.30000000000000004 0.0
0.4 0.0
0.5 0.0
0.6000000000000001 0.0
0.7000000000000001 0.0
0.8 0.0
0.9 0.032953008903095396
1.0 0.10791861525968402
1.1 0.2249437131672255
1.2000000000000002 0.26657508694742843
1.3 0.21223665514735846
1.4000000000000001 0.5377972831760323
1.5 0.6688409601773898
1.6 0.7104862323476444
1.7000000000000002 0.6899334540853739
1.8 0.8434622639100962
1.9000000000000001 0.7670166612168339
2.0 0.743598626754623
2.1 0.837011177834211
2.2 0.8289449790626585
2.3000000000000003 0.9108116202491646
2.4000000000000004 0.9371572254345603
2.5 0.9337642973853026
2.6 0.9197283315445328
2.7 0.9367136043331189
2.8000000000000003 1.0223816373221746
2.9000000000000004 0.9371477300231502
3.0 1.0686881575975553
3.1 0.9989178308505333
3.2 0.9834845784303754
3.3000000000000003 1.0503074260304677
3.4000000000000004 1.1228477094146583
3.5 1.0581219002663331
3.6 1.012111641723968
3.7 1.0075388330086972
3.8000000000000003 1.036207994821958
3.9000000000000004 1.1293990865929078
4.0 0.9999138879128444
4.1000000000000005 1.0750193703742141
4.2 0.9772370160092525
4.3 1.0303547375980178
4.4 1.0552173573039345
4.5 1.0179726150731132
4.6000000000000005 0.9884277117845686
4.7 0.9538457517225867
4.800000000000001 0.9971728985742121
4.9 1.0095293916454886
5.0 0.9606075591013038
5.1000000000000005 0.9618244889678517
5.2 0.9644125061767802
5.300000000000001 1.02541536007459
5.4 1.0362354883595526
5.5 0.9828027188351274
5.6000000000000005 0.9930805747694348
5.7 0.9786468901751316
5.800000000000001 1.0376747479689734
5.9 0.9324606291994527
6.0 0.99378784576695
6.1000000000000005 0.9774733094757782
6.2 0.9776884140749165
6.300000000000001 0.9641172711446593
6.4 1.0403498045126427
6.5 0.9720535967094346
6.6000000000000005 1.0514113646414478
6.7 1.0133032156820512
6.800000000000001 0.9775903247162443
6.9 0.9773929297221599
7.0 1.0133464608915659
7.1000000000000005 1.0183891378287966
7.2 1.0097446401746064
7.300000000000001 1.0469244329119403
7.4 1.0324161263300877
7.5 0.9916714822987592
7.6000000000000005 0.9796486407094054
7.7 1.0110295489198766
7.800000000000001 1.0134525253381355
7.9 0.999892066412351
8.0 0.9650988957442688
8.1 0.9796537457844697
8.200000000000001 0.9857886400075113
8.3 0.9793961302683428
8.4 1.0038783956806479
8.5 1.0086301321122675
8.6 1.0300021006629345
8.700000000000001 0.9976516630714394
8.8 1.0060183235102245
8.9 1.0130208278942245
9.0 1.0231043562272546
9.1 1.0154412556747285
9.200000000000001 0.9636851919937132
9.3 0.9969808643191886
9.4 0.9873258240652637
9.5 0.9902571273802007
9.600000000000001 0.9896589368163898
9.700000000000001 1.0195639462771384
9.8 0.9879223083457279
9.9 0.9934209933567613
