0.0 0.0
0.1 0.0
0.2 0.0
0.30000000000000004 0.0
0.4 0.0
0.5 0.0
0.6000000000000001 0.0
0.7000000000000001 0.0
0.8 0.0
0.9 0.0
1.0 0.08093896144476302
1.1 0.15746059921705785
1.2000000000000002 0.22849293166922435
1.3 0.5714063792428882
1.4000000000000001 0.5377972831760323
1.5 0.7803144535402882
1.6 0.6667640026647125
1.7000000000000002 0.83569404297665
1.8 0.7652028785988501
1.9000000000000001 0.7122297568442029
2.0 0.9064821354723023
2.1 0.6309776571365591
2.2 0.7290012581827635
2.3000000000000003 0.9162010381204615
2.4000000000000004 0.9173232100814479
2.5 0.8605278819041025
2.6 0.856152640423943
2.7 1.0075574903751194
2.8000000000000003 0.9490926310625204
2.9000000000000004 0.9303072356434192
3.0 1.0142938501749252
3.1 1.049913636029089
3.2 1.0201186744750599
3.3000000000000003 1.047655134550593
3.4000000000000004 1.0203159586663264
3.5 1.0132461946746807
3.6 1.2109591828132245
3.7 1.0646891449650728
3.8000000000000003 1.0301835297357838
3.9000000000000004 1.0359184189526165
4.0 1.0761323693871447
4.1000000000000005 0.9972446570834753
4.2 1.0431551958412426
4.3 1.0539506476193465
4.4 1.067242626333039
4.5 1.0424154603502926
4.6000000000000005 1.0228437184623043
4.7 1.0250873431375516
4.800000000000001 0.9414931935776825
4.9 0.9597210823103922
5.0 1.0178004757428152
5.1000000000000005 0.9775369076907804
5.2 0.9557727524820274
5.300000000000001 0.9318176091550029
5.4 1.0161922487394452
5.5 0.9828027188351274
5.6000000000000005 0.9016985124901816
5.7 0.958839869398818
5.800000000000001 1.008101452553261
5.9 1.0005664100517122
6.0 1.0011070688536134
6.1000000000000005 0.981408387211188
6.2 1.0226483645273095
6.300000000000001 1.0623007298446896
6.4 0.9788160471618261
6.5 0.994256105699229
6.6000000000000005 1.0036199389759273
6.7 1.017223150752388
6.800000000000001 1.0200942518778202
6.9 1.0260776973438817
7.0 1.0355059284169723
7.1000000000000005 1.002085595313527
7.2 1.0176730893963926
7.300000000000001 1.0022923912983261
7.4 0.9889742010143802
7.5 1.0522475180789888
7.6000000000000005 0.943026261617465
7.7 0.9996306863585251
7.800000000000001 1.032774785115793
7.9 0.9947112785034786
8.0 0.978420108488954
8.1 1.0002686004533103
8.200000000000001 1.0010959170262614
8.3 0.9580492224595297
8.4 0.985118209714855
8.5 0.9854198303236525
8.6 0.9778853470179579
8.700000000000001 0.9817110090628933
8.8 1.0090588020096887
8.9 1.0081898408206278
9.0 1.0161988561319375
9.1 1.0136635223839816
9.200000000000001 1.0165661122764007
9.3 1.0017478493261793
9.4 0.9933257784316293
9.5 0.9817710742121435
9.600000000000001 0.9989289979170601
9.700000000000001 1.011735599023782
9.8 1.0195235498859796
9.9 1.0120626705928748
