0.0 0.0
0.1 0.0
0.2 0.0
0.30000000000000004 0.0
0.4 0.0
0.5 0.0
0.6000000000000001 0.0
0.7000000000000001 0.0
0.8 0.0
0.9 0.0
1.0 0.026979653814921005
1.1 0.1349662279003353
1.2000000000000002 0.22849293166922435
1.3 0.24488844824695205
1.4000000000000001 0.4245768025073939
1.5 0.3839642549166497
1.6 0.6886251175061785
1.7000000000000002 0.5441728651940977
1.8 0.9304171364781473
1.9000000000000001 0.9078972724607421
2.0 0.9914648356728306
2.1 0.9142737480958305
2.2 1.0288324208224484
2.3000000000000003 0.9647057989621329
2.4000000000000004 1.0164932868470098
2.5 0.9978461609313528
2.6 1.0214494373374765
2.7 0.9406493757798967
2.8000000000000003 1.004059385757261
2.9000000000000004 1.0192336625799225
3.0 0.9662988730373105
3.1 1.0679121555038735
3.2 1.0173006670870073
3.3000000000000003 1.1007009641480912
3.4000000000000004 1.0278182818918142
3.5 0.9660086098413622
3.6 1.0009404315504142
3.7 0.9630885903759606
3.8000000000000003 1.0422324599081323
3.9000000000000004 1.028287344043205
4.0 0.9164365034409917
4.1000000000000005 1.0335395232858202
4.2 0.967349289034454
4.3 0.9501286435255004
4.4 0.975549949986116
4.5 1.0452910892064313
4.6000000000000005 1.0448699627360551
4.7 0.957803617912307
4.800000000000001 0.9946420028925517
4.9 1.022892596589051
5.0 1.0189676781232542
5.1000000000000005 1.0280411107287657
5.2 1.0659296120901256
5.300000000000001 0.9640568344717496
5.4 1.05627872797966
5.5 0.9943992110927691
5.6000000000000005 0.9623090640019312
5.7 1.0119586978443864
5.800000000000001 0.9793979599438928
5.9 0.9820685436473947
6.0 0.9954143397862085
6.1000000000000005 0.981408387211188
6.2 1.0165521000591884
6.300000000000001 1.0121016682536967
6.4 0.9723764679041825
6.5 1.0664142599160606
6.6000000000000005 1.0157360750601439
6.7 0.9767171550255748
6.800000000000001 1.0416634089448884
6.9 1.0088223366678284
7.0 0.9899891843107318
7.1000000000000005 0.9910224771781657
7.2 0.9780308432874624
7.300000000000001 1.0017413784388987
7.4 1.0243713253456974
7.5 0.9613834644086444
7.6000000000000005 0.9842264380958979
7.7 0.9951702618779963
7.800000000000001 1.0124864123492525
7.9 1.0121375651060491
8.0 1.0004690123422262
8.1 1.018194561034911
8.200000000000001 0.9862259907794756
8.3 1.0084279248883286
8.4 0.9980418933801789
8.5 0.9707606923518957
8.6 0.966348050409528
8.700000000000001 1.0093155562484242
8.8 0.9915760506377694
8.9 1.020453115699758
9.0 1.0118374876506844
9.1 1.0385517884544406
9.200000000000001 1.0148266083197333
9.3 0.9711029457098108
9.4 1.0033257023755717
9.5 0.986340487456482
9.600000000000001 1.0136332327663993
9.700000000000001 1.0060991890013653
9.8 1.0198303580562733
9.9 1.0153700649412176
