0.0 0.0
0.1 0.0
0.2 0.0
0.30000000000000004 0.0
0.4 0.0
0.5 0.0
0.6000000000000001 0.0
0.7000000000000001 0.0
0.8 0.0
0.9 0.0
1.0 0.10791861525968402
1.1 0.11247185658361275
1.2000000000000002 0.22849293166922435
1.3 0.3754956206453265
1.4000000000000001 0.5377972831760323
1.5 0.6316831290564238
1.6 0.5028056413537176
1.7000000000000002 0.7385203170491326
1.8 0.7912893403692655
1.9000000000000001 0.727883158093526
2.0 0.8923183521055476
2.1 0.8756424629650207
2.2 0.9406467847519528
2.3000000000000003 0.9916528883186171
2.4000000000000004 0.9371572254345603
2.5 0.8467960540013774
2.6 0.9536353668088474
2.7 0.913098975652452
2.8000000000000003 0.9197770285586588
2.9000000000000004 0.9200464940738227
3.0 1.0334918410299712
3.1 1.0529133892748865
3.2 1.0003926227586912
3.3000000000000003 1.0927440897084664
3.4000000000000004 1.0653298980192527
3.5 1.029779349366342
3.6 1.0679676925917367
3.7 1.0329389716559754
3.8000000000000003 1.050265080023031
3.9000000000000004 1.058811643680851
4.0 0.9418426639324251
4.1000000000000005 1.1216841983486576
4.2 1.1057774666816331
4.3 0.9863090388915376
4.4 1.064236309075763
4.5 1.036664202638015
4.6000000000000005 0.9732846688463649
4.7 0.9432914418833326
4.800000000000001 0.9895802115292308
4.9 1.0386854751587158
5.0 1.0154660709819372
5.1000000000000005 0.9797815389369131
5.2 0.9752121982952212
5.300000000000001 0.9931761347578434
5.4 0.9340149662970049
5.5 1.0156594468984452
5.6000000000000005 1.0024052750020116
5.7 0.9696436989131709
5.800000000000001 0.9628717066233475
5.9 1.0123377795817323
6.0 1.0011070688536134
6.1000000000000005 0.9735382317403685
6.2 0.9845467116015527
6.300000000000001 1.0165309972176078
6.4 0.9766695207426116
6.5 1.0199277567186786
6.6000000000000005 0.9854457348496027
6.7 0.9564641571621683
6.800000000000001 1.0372227001369627
6.9 0.9977296048046512
7.0 1.0031650839204331
7.1000000000000005 0.986364322173803
7.2 1.008045686769938
7.300000000000001 0.9879660569532153
7.4 1.0184718046238113
7.5 1.0136041849088424
7.6000000000000005 1.0422118716581368
7.7 1.000126289078584
7.800000000000001 1.0037913954493067
7.9 1.024383063799747
8.0 1.0110341121052524
8.1 0.98816857706073
8.200000000000001 1.00197061857019
8.3 1.0186744406365589
8.4 0.9659411307276
8.5 1.013109313159193
8.6 1.0128950746573315
8.700000000000001 0.9933749022398782
8.8 0.9942364693248006
8.9 1.0096762983817344
9.0 1.0002071717006766
9.1 0.9869975230227754
9.200000000000001 0.9609019856630454
9.3 1.0095793246948068
9.4 0.9933257784316293
9.5 0.9869932607771017
9.600000000000001 1.012034946369732
9.700000000000001 0.9929475656157266
9.8 1.0026491005198257
9.9 1.0057485541096751
