0.0 0.0
0.1 0.0
0.2 0.0
0.30000000000000004 0.0
0.4 0.0
0.5 0.0
0.6000000000000001 0.0
0.7000000000000001 0.0
0.8 0.0
0.9 0.032953008903095396
1.0 0.026979653814921005
1.1 0.0449887426334451
1.2000000000000002 0.07616431055640811
1.3 0.3428438275457329
1.4000000000000001 0.4953396029252929
1.5 0.4582799171585819
1.6 0.5902501007195815
1.7000000000000002 0.6996508266781256
1.8 0.9043306747077319
1.9000000000000001 0.8061501643401418
2.0 0.8781545687387928
2.1 1.023729055966458
2.2 0.8407030638720578
2.3000000000000003 0.9754846347047267
2.4000000000000004 1.0214517906852878
2.5 0.9841143330286278
2.6 1.0341645755615945
2.7 0.913098975652452
2.8000000000000003 0.9857371341923474
2.9000000000000004 0.9781906963015364
3.0 1.06228882731254
3.1 1.0739116619954683
3.2 0.9243064232812698
3.3000000000000003 1.039698260110968
3.4000000000000004 1.0178151842578307
3.5 0.9636467305996962
3.6 0.9718952850991746
3.7 1.0160055458911232
3.8000000000000003 1.0341998397932333
3.9000000000000004 1.026379575315852
4.0 1.0071727909103967
4.1000000000000005 1.0871176591083291
4.2 1.0316195143706444
4.3 1.0193433129213978
4.4 0.9980973294156873
4.5 1.0381020170660844
4.6000000000000005 1.0200904379280853
4.7 0.9089899349057569
4.800000000000001 1.0490562600482511
4.9 0.9803733081322614
5.0 0.9547715471991087
5.1000000000000005 1.0044724826443725
5.2 0.9579326909057156
5.300000000000001 1.0046158598702375
5.4 1.059285213922676
5.5 1.0456170518973529
5.6000000000000005 0.9744311743042812
5.7 1.020961889106347
5.800000000000001 1.004622241327883
5.9 0.9543217440409187
6.0 0.99378784576695
6.1000000000000005 1.0073799002648922
6.2 1.0096938025325521
6.300000000000001 0.9914314664221113
6.4 0.9666523974529437
6.5 1.0039697033822639
6.6000000000000005 1.0352565165291592
6.7 0.9780238000490203
6.800000000000001 0.9832998074692918
6.9 0.9422659454887657
7.0 1.0199344106964163
7.1000000000000005 0.9985919790602551
7.2 1.0454226616726436
7.300000000000001 0.9797008640618052
7.4 1.0297345260019577
7.5 0.9963713471437771
7.6000000000000005 1.021357461341893
7.7 1.010533946199818
7.800000000000001 0.9864013616494149
7.9 0.9951822592224671
8.0 0.981176221470613
8.1 1.022227902165771
8.200000000000001 1.0146537909571545
8.3 1.0250785129792028
8.4 0.9842844236719308
8.5 1.0151453045441594
8.6 1.0049383183756557
8.700000000000001 0.9848213805767561
8.8 1.0101989814469878
8.9 0.9832916766720903
9.0 0.9856692767631667
9.1 0.980597683176086
9.200000000000001 1.000562675875061
9.3 1.0041313418296747
9.4 1.0126589647232516
9.5 1.0111458736400334
9.600000000000001 0.9800692184363861
9.700000000000001 0.9844929505821016
9.8 1.002342292349532
9.9 1.0111606539524176
