0.0 0.0
0.1 0.0
0.2 0.0
0.30000000000000004 0.0
0.4 0.0
0.5 0.0
0.6000000000000001 0.0
0.7000000000000001 0.0
0.8 0.0
0.9 0.13181203561238158
1.0 0.35073549959397304
1.1 0.7648086247685667
1.2000000000000002 1.275752201819836
1.3 1.4693306894817124
1.4000000000000001 1.2878829676057615
1.5 0.8422441720752316
1.6 0.6667640026647125
1.7000000000000002 0.3303906681535593
1.8 0.39129692655623016
1.9000000000000001 0.36002822873443224
2.0 0.32576701743535863
2.1 0.4635754215697169
2.2 0.46444434997127676
2.3000000000000003 0.5227735335157927
2.4000000000000004 0.6049374682699278
2.5 0.6453959114280768
2.6 0.737478016998842
2.7 0.8619339468443405
2.8000000000000003 0.9710793329404166
2.9000000000000004 1.0329146513393845
3.0 0.9950958593198793
3.1 1.2178998177937432
3.2 1.0482987483555863
3.3000000000000003 1.273099910339961
3.4000000000000004 1.2153763625290066
3.5 1.157320828416302
3.6 1.3047973482710757
3.7 1.2551901848196585
3.8000000000000003 1.1566972965454416
3.9000000000000004 1.1866321484134945
4.0 1.1215005131218472
4.1000000000000005 1.102672601766477
4.2 1.0991856486984342
4.3 0.9800167962191834
4.4 0.9875752190152207
4.5 0.9647734812345466
4.6000000000000005 0.9388686621686292
4.7 0.9340564207739853
4.800000000000001 0.92757326732855
4.9 0.9536468982451366
5.0 0.9314274995903286
5.1000000000000005 0.8978524984530705
5.2 0.917973830067484
5.300000000000001 0.8933385337769503
5.4 0.898939296961817
5.5 0.9238538831921158
5.6000000000000005 0.9595116539321582
5.7 1.0173606126015629
5.800000000000001 0.9698301290741035
5.9 1.016541840128168
6.0 0.9685771884684431
6.1000000000000005 0.9877045115878436
6.2 1.0561778191019753
6.300000000000001 1.0202221046875337
6.4 1.0031433465795907
6.5 1.033110496431369
6.6000000000000005 1.0541038393268292
6.7 1.064262371596429
6.800000000000001 1.1031989452832893
6.9 1.0137524397181292
7.0 1.0355059284169723
7.1000000000000005 1.043426720977246
7.2 1.0018161909528205
7.300000000000001 1.0133126484868729
7.4 0.984147320423746
7.5 1.021959500188874
7.6000000000000005 0.9633720277796541
7.7 0.9629560850741767
7.800000000000001 0.9950963785493608
7.9 0.9956532399414554
8.0 1.0000096601786164
8.1 0.9742759576099895
8.200000000000001 0.9919115508150114
8.3 0.9507912738045333
8.4 0.9901209259723996
8.5 0.999671770018416
8.6 0.9747026445052875
8.700000000000001 0.9704359123251414
8.8 0.9923361702626355
8.9 1.0122775991136712
9.0 1.0027513033147408
9.1 0.9916196295787179
9.200000000000001 1.0075206917017303
9.3 1.0245612775739203
9.4 1.0076590027512802
9.5 1.012777806941583
9.600000000000001 0.9995683124757271
9.700000000000001 1.0280185613107633
9.8 1.0017286760089448
9.9 1.0273969534806457
