0.0 0.0
0.1 0.0
0.2 0.0
0.30000000000000004 0.0
0.4 0.0
0.5 0.0
0.6000000000000001 0.0
0.7000000000000001 0.0
0.8 0.0
0.9 0.032953008903095396
1.0 0.10791861525968402
1.1 0.20244934185050295
1.2000000000000002 0.3236983198647345
1.3 0.22856255169715525
1.4000000000000001 0.3821191222566545
1.5 0.495437748279548
1.6 0.5793195432988485
1.7000000000000002 0.757955062234636
1.8 0.7304209295716296
1.9000000000000001 1.040951183079989
2.0 0.9773010523060759
2.1 0.9464664857048386
2.2 0.9935581663942502
2.3000000000000003 0.9862634704473203
2.4000000000000004 1.0660783252297907
2.5 0.9749597810934778
2.6 0.9027748139123756
2.7 1.07840137641712
2.8000000000000003 1.0370394385741053
2.9000000000000004 0.8892642693650331
3.0 1.017493515317433
3.1 1.1189079606824293
3.2 1.0567527705197444
3.3000000000000003 0.9972615964329693
3.4000000000000004 1.0253175074833183
3.5 0.9353041796997051
3.6 1.0478595142793399
3.7 1.0096555112293037
3.8000000000000003 0.9699388788740421
3.9000000000000004 0.9805931258593829
4.0 0.9690635501732466
4.1000000000000005 1.0058862918935574
4.2 0.9953645154630498
4.3 1.0272086162618406
4.4 1.0582236745612106
4.5 0.9302659349608818
4.6000000000000005 0.9746613091134743
4.7 0.9709965052113745
4.800000000000001 1.0718343211831949
4.9 0.9706546136278524
5.0 1.0609869638190585
5.1000000000000005 1.0145733232519696
5.2 0.9611725985412479
5.300000000000001 1.0108557099315432
5.4 0.9951468471383325
5.5 1.012760323834035
5.6000000000000005 0.9483220136530659
5.7 0.9660424224083867
5.800000000000001 1.0167994806167058
5.9 1.0098153432538708
6.0 1.0238779851232325
6.1000000000000005 1.0309903666773506
6.2 0.9761643479578862
6.300000000000001 0.9692848216025556
6.4 1.038203278093428
6.5 0.9935622772932978
6.6000000000000005 1.000927464290546
6.7 1.0067699905648233
6.800000000000001 0.971246454990636
6.9 1.0248451715813063
7.0 0.97022533489618
7.1000000000000005 0.9799593590428043
7.2 1.0097446401746064
7.300000000000001 1.0017413784388987
7.4 1.0249076454113235
7.5 0.9869716174537414
7.6000000000000005 1.0183055964175647
7.7 1.0234196169213459
7.800000000000001 1.004274451943748
7.9 0.9970661820984206
8.0 0.9724485303620262
8.1 0.98951302410435
8.200000000000001 1.00197061857019
8.3 0.9734189960818752
8.4 0.9955405352514065
8.5 1.0249180631919972
8.6 1.0260237225220965
8.700000000000001 1.0272001924531344
8.8 0.9569906077063639
8.9 1.0052169256984143
9.0 0.9972995927131746
9.1 1.020063362230671
9.200000000000001 1.0103038980323982
9.3 0.9990238578936131
9.4 1.01232563392512
9.5 1.0013542738307368
9.600000000000001 0.9819871621123868
9.700000000000001 1.0220690173982123
9.8 1.0146146191612802
9.9 0.979590071536419
