0.0 0.0
0.1 0.0
0.2 0.0
0.30000000000000004 0.0
0.4 0.0
0.5 0.0
0.6000000000000001 0.0
0.7000000000000001 0.0
0.8 0.0
0.9 0.0
1.0 0.026979653814921005
1.1 0.11247185658361275
1.2000000000000002 0.2475340093083264
1.3 0.3754956206453265
1.4000000000000001 0.33966144200591514
1.5 0.5449815231075028
1.6 0.7214167897683774
1.7000000000000002 0.7482376896418843
1.8 0.8173758021396808
1.9000000000000001 0.9392040749593884
2.0 0.9135640271556796
2.1 0.8434497253560126
2.2 0.9641629543707517
2.3000000000000003 0.9593163810908362
2.4000000000000004 1.0164932868470098
2.5 1.0024234368989278
2.6 1.055356472601791
2.7 1.0665940620767866
2.8000000000000003 1.0590261404520016
2.9000000000000004 0.8790035277954366
3.0 0.9790975336073411
3.1 0.9899185711131411
3.2 0.994756607982586
3.3000000000000003 1.0529597175103427
3.4000000000000004 0.9377904031859619
3.5 1.0959119681329879
3.6 0.9875349793421497
3.7 0.9863720508026321
3.8000000000000003 0.9398165534431713
3.9000000000000004 1.026379575315852
4.0 1.0198758711561136
4.1000000000000005 1.0663777355641322
4.2 0.9821808794966518
4.3 1.066535132964055
4.4 0.9785562672433922
4.5 1.0395398314941537
4.6000000000000005 1.028350279530742
4.7 1.0132137445683909
4.800000000000001 1.054118051411572
4.9 0.9633655927495457
5.0 0.992122023373157
5.1000000000000005 0.9618244889678517
5.2 0.9644125061767802
5.300000000000001 0.9775765096045789
5.4 1.0161922487394452
5.5 0.9837690931899309
5.6000000000000005 1.001472804978754
5.7 0.9723446562917591
5.800000000000001 0.9872261852009933
5.9 0.9896358526309791
6.0 0.9620712123914091
6.1000000000000005 0.9924266048703352
6.2 1.0135039678251279
6.300000000000001 1.0453216354830301
6.4 1.001712328966781
6.5 1.0386611236788177
6.6000000000000005 1.0359296352005045
6.7 1.0381294711275173
6.800000000000001 1.0061377384814818
6.9 0.9860206100601865
7.0 0.9851979480890223
7.1000000000000005 1.0038324034401631
7.2 0.9457507285987621
7.300000000000001 1.0270879699725561
7.4 0.9621581977330792
7.5 1.02091508577887
7.6000000000000005 0.9643893160877636
7.7 1.016481178840523
7.800000000000001 0.9921980395827122
7.9 1.0116665843870607
8.0 0.9793388128161736
8.1 0.9841352359298698
8.200000000000001 0.9936609539028686
8.3 1.0037316051703897
8.4 1.00429528870211
8.5 0.9907134079245646
8.6 0.9862399411137175
8.700000000000001 1.0229234316215732
8.8 1.025781433756742
8.9 1.0271421747247382
9.0 1.0027513033147408
9.1 1.0069081358791427
9.200000000000001 0.9929088584657246
9.3 0.9768914275040137
9.4 0.9989924019998634
9.5 0.989277967399271
9.600000000000001 1.0187477492357346
9.700000000000001 0.9901293606045183
9.8 0.993138047240721
9.9 0.9952250266376755
