0.0 0.0
0.1 0.0
0.2 0.0
0.30000000000000004 0.0
0.4 0.0
0.5 0.0
0.6000000000000001 0.0
0.7000000000000001 0.0
0.8 0.0
0.9 0.09885902670928619
1.0 0.16187792288952604
1.1 0.1349662279003353
1.2000000000000002 0.1904107763910203
1.3 0.3754956206453265
1.4000000000000001 0.2972037617551757
1.5 0.5202096356935254
1.6 0.5574584284573826
1.7000000000000002 0.6607813363071185
1.8 0.834766776653291
1.9000000000000001 0.9548574762087115
2.0 0.9489734855725664
2.1 0.9464664857048386
2.2 1.0523485904412473
2.3000000000000003 1.0832729921306632
2.4000000000000004 0.9569912407876726
2.5 0.9841143330286278
2.6 0.9112515727284541
2.7 1.0036217189283416
2.8000000000000003 0.9930660348183129
2.9000000000000004 1.1218410782758879
3.0 1.052689831885017
3.1 0.9629207919009646
3.2 1.068024800071955
3.3000000000000003 0.9654340986744704
3.4000000000000004 1.1003407397381952
3.5 0.9305804212163733
3.6 0.9629583169603315
3.7 1.0414056845384014
3.8000000000000003 1.086411870540076
3.9000000000000004 1.0015785818602645
4.0 0.9200659549397678
4.1000000000000005 0.9574931369570976
4.2 0.980532925000852
4.3 0.9674323108744747
4.4 0.9845689017579445
4.5 0.9834650687994485
4.6000000000000005 0.9719080285792554
4.7 0.9221828222048245
4.800000000000001 1.0591798427748929
4.9 1.0435448224109203
5.0 1.0119644638406202
5.1000000000000005 0.9472343858679892
5.2 1.04865010470062
5.300000000000001 1.0077357849008903
5.4 1.0131857627964291
5.5 1.0021302059311967
5.6000000000000005 1.010797505211331
5.7 0.9633414650297984
5.800000000000001 1.031586128324562
5.9 0.9955215373959891
6.0 1.022251491103974
6.1000000000000005 0.9829824183053518
6.2 1.0241724306443396
6.300000000000001 1.0061958963018152
6.4 1.0052898729988053
6.5 1.0532315202033702
6.6000000000000005 0.965252174709242
6.7 0.9512375770683859
6.800000000000001 1.0156535430698943
6.9 0.9872531358227618
7.0 1.0067585110867152
7.1000000000000005 0.9817061671694403
7.2 0.9785971610890185
7.300000000000001 1.0094555584708815
7.4 1.0490420483644944
7.5 0.9901048606837533
7.6000000000000005 1.0300044119608234
7.7 0.9753461530756458
7.800000000000001 1.0018591694715409
7.9 1.0305058131465963
8.0 0.9866884474339311
8.1 1.021331604136691
8.200000000000001 0.9569234890578681
8.3 1.0097087393568573
8.4 1.0047121817235718
8.5 1.0118877183282133
8.6 0.9647566991531928
8.700000000000001 0.9972628666322065
8.8 1.0204605963826796
8.9 0.9836632910623669
9.0 1.0143816192647486
9.1 0.9987305627417061
9.200000000000001 1.0106517988237316
9.3 0.9898303868087026
9.4 1.0213255654746685
9.5 1.0003751138498072
9.600000000000001 1.0139528900457326
9.700000000000001 1.010483063463245
9.8 0.9928312390704273
9.9 0.9979310765590468
