0.0 0.0
0.1 0.0
0.2 0.0
0.30000000000000004 0.0
0.4 0.0
0.5 0.0
0.6000000000000001 0.0
0.7000000000000001 0.052841807175969535
0.8 0.08230659366579586
0.9 0.13181203561238158
1.0 0.16187792288952604
1.1 0.3599099410675608
1.2000000000000002 0.28561616458653044
1.3 0.3754956206453265
1.4000000000000001 0.4670344827581333
1.5 0.6316831290564238
1.6 0.7323473471891104
1.7000000000000002 0.7871071800128913
1.8 0.8260712893964859
1.9000000000000001 0.7513632599675107
2.0 0.9843829439894533
2.1 0.9464664857048386
2.2 0.8994934879190549
2.3000000000000003 0.9700952168334298
2.4000000000000004 0.9966592714938974
2.5 1.052773472542253
2.6 1.0892635078661057
2.7 1.1098875479913426
2.8000000000000003 0.9747437832533994
2.9000000000000004 1.03633489852925
3.0 0.9566998776097876
3.1 0.9689202983925593
3.2 1.0003926227586912
3.3000000000000003 1.037045968631093
3.4000000000000004 1.007812086623847
3.5 1.0250555908830101
3.6 1.029985578001654
3.7 1.0033054765674843
3.8000000000000003 0.9880122741325646
3.9000000000000004 0.9500688262217367
4.0 0.9835813561683515
4.1000000000000005 0.9505798291090318
4.2 1.0711704222698384
4.3 1.033500858934195
4.4 0.9890783776438588
4.5 0.9748381822310322
4.6000000000000005 0.9526350648397235
4.7 1.0026594347291367
4.800000000000001 1.0452599165257603
4.9 0.9439282037407276
5.0 1.0072956543188643
5.1000000000000005 1.0145733232519696
5.2 0.9395732143043659
5.300000000000001 1.0066958098906726
5.4 1.037237650340558
5.5 0.9750717239966996
5.6000000000000005 0.9921481047461771
5.7 0.9660424224083867
5.800000000000001 1.0211484946484282
5.9 1.0089745311445837
6.0 1.0165587620365693
6.1000000000000005 0.9538628430633198
6.2 1.0074077033570068
6.300000000000001 0.9914314664221113
6.4 0.9959882585155424
6.5 1.0011943897585396
6.6000000000000005 1.021794143102252
6.7 0.9786771225607431
6.800000000000001 0.9915468381125827
6.9 1.03162406327547
7.0 0.9959782295878687
7.1000000000000005 1.0090728278200711
7.2 0.9995509197465958
7.300000000000001 0.9973332755634801
7.4 1.0050638029831607
7.5 1.0057710768338126
7.6000000000000005 1.001011695179704
7.7 1.0016130972387602
7.800000000000001 0.9781894012439105
7.9 0.9871755869996643
8.0 1.01838374672301
8.1 1.0056463886277904
8.200000000000001 1.021214052536619
8.3 1.01397812091862
8.4 1.0017939305733374
8.5 0.9675031061359497
8.6 1.019658317496756
8.700000000000001 0.9797670268667292
8.8 1.0227409552572777
8.9 1.0011291674053708
9.0 0.9925747768584839
9.1 1.0058414959046944
9.200000000000001 1.0040416837883956
9.3 0.9925543782412687
9.4 0.9886591472577894
9.5 1.0144097402431322
9.600000000000001 1.027378495777738
9.700000000000001 0.9945132350663979
9.8 0.9866950756645532
9.9 1.003944520828761
