0.0 0.0
0.1 0.0
0.2 0.0
0.30000000000000004 0.0
0.4 0.0
0.5 0.0
0.6000000000000001 0.0
0.7000000000000001 0.0
0.8 0.0
0.9 0.0
1.0 0.16187792288952604
1.1 0.8322917387187344
1.2000000000000002 1.7898612980755908
1.3 2.1386924480233813
1.4000000000000001 1.7124597701131554
1.5 0.7307706787123334
1.6 0.4044306245671207
1.7000000000000002 0.11660847111302093
1.8 0.043477436284025575
1.9000000000000001 0.04696020374796942
2.0 0.04957324178364153
2.1 0.1674022355668422
2.2 0.2351616961879882
2.3000000000000003 0.4203745939611529
2.4000000000000004 0.4512238492833068
2.5 0.6637050152983769
2.6 0.8010537081194318
2.7 0.8973558898653408
2.8000000000000003 0.9490926310625204
2.9000000000000004 1.0978993479468293
3.0 1.2030740935828765
3.1 1.1789030255983772
3.2 1.2314692285790088
3.3000000000000003 1.2492292870210866
3.4000000000000004 1.302903466826363
3.5 1.3368236507829119
3.6 1.3450137048958692
3.7 1.2848236799081496
3.8000000000000003 1.307308923699796
3.9000000000000004 1.3106371156914318
4.0 1.1577950281096092
4.1000000000000005 1.2063722194874622
4.2 1.039859286849643
4.3 1.0382200409384608
4.4 1.0777647367335057
4.5 0.8971962031152864
4.6000000000000005 0.934738741367301
4.7 0.9010742025263163
4.800000000000001 0.8010284832455282
4.9 0.7957181125484898
5.0 0.8007008329811597
5.1000000000000005 0.8394920860536208
5.2 0.8477758312976176
5.300000000000001 0.8454996833069389
5.4 0.9199846985629297
5.5 0.8716696680327285
5.6000000000000005 0.9156855628390469
5.7 0.9750456136703474
5.800000000000001 0.9472152561091468
5.9 1.0207459006746038
6.0 1.0295707141906374
6.1000000000000005 1.0483047087131534
6.2 1.0386510587561273
6.300000000000001 1.0659918373146156
6.4 1.0496514189959056
6.5 1.0809846564406131
6.6000000000000005 1.1193963504473288
6.7 1.05511585643231
6.800000000000001 1.1260368762954793
6.9 1.0649022588650014
7.0 1.1492977886825737
7.1000000000000005 1.0544898391126076
7.2 1.027300492022847
7.300000000000001 1.061250767257051
7.4 0.9498228362236808
7.5 1.0026378336038009
7.6000000000000005 0.9633720277796541
7.7 0.9817889884364097
7.800000000000001 0.9583840849718116
7.9 0.9151155369944408
8.0 0.9379971180912883
8.1 0.9491796127957488
8.200000000000001 0.9529873321101895
8.3 0.9563414698348247
8.4 0.9480147308047313
8.5 0.9870486234316255
8.6 0.9444669706349195
8.700000000000001 0.9727686909605383
8.8 0.9759935983280154
8.9 0.9818052191109836
9.0 0.9994802769538011
9.1 0.9976639227672579
9.200000000000001 1.0276989375990717
9.3 1.02898776365184
9.4 1.0563252992784675
9.5 1.062062192648376
9.600000000000001 1.048156218934413
9.700000000000001 1.0499379336201613
9.8 1.0437613953391822
9.9 1.0234882147053315
