0.0 0.0
0.1 0.0
0.2 0.0
0.30000000000000004 0.0
0.4 0.0
0.5 0.0
0.6000000000000001 0.0
0.7000000000000001 0.0
0.8 0.0
0.9 0.032953008903095396
1.0 0.10791861525968402
1.1 0.11247185658361275
1.2000000000000002 0.3236983198647345
1.3 0.27754024134654565
1.4000000000000001 0.3679665621730747
1.5 0.5697534105214802
1.6 0.7323473471891104
1.7000000000000002 0.7676724348273878
1.8 0.8695487256805114
1.9000000000000001 0.837456966838788
2.0 1.0127105107229626
2.1 0.8949581055304257
2.2 0.9759210391801512
2.3000000000000003 0.9808740525760234
2.4000000000000004 0.9520327369493945
2.5 1.130587163991028
2.6 0.949396987400808
2.7 0.913098975652452
2.8000000000000003 1.1066639945207768
2.9000000000000004 0.9987121794407294
3.0 0.8959062399021421
3.1 1.0319151165543048
3.2 1.0849328444002708
3.3000000000000003 1.045002843070718
3.4000000000000004 0.9577965984539291
3.5 0.9872655230163555
3.6 0.9696610430644638
3.7 1.0329389716559754
3.8000000000000003 1.0623140101953794
3.9000000000000004 0.911913451674679
4.0 0.9672488244238585
4.1000000000000005 0.9816897144253275
4.2 1.0134920149168472
4.3 1.0287816769299292
4.4 0.9935878535297731
4.5 0.9748381822310322
4.6000000000000005 0.9980641936543345
4.7 1.0593888501151274
4.800000000000001 0.9174496846019083
4.9 0.9682249400017502
5.0 1.1006718447539847
5.1000000000000005 1.0415088982055616
5.2 0.9654924753886244
5.300000000000001 0.9942161097680611
5.4 1.0111814388344185
5.5 1.0175921956080523
5.6000000000000005 0.9660389440949619
5.7 1.0182609317277589
5.800000000000001 0.9967940160707826
5.9 0.9862726041938306
6.0 1.0336369492387836
6.1000000000000005 1.0325643977715144
6.2 1.0005494058303706
6.300000000000001 0.9596879421807482
6.4 0.9831091000002552
6.5 0.9699721114916413
6.6000000000000005 1.0157360750601439
6.7 1.0289829559633983
6.800000000000001 1.0118472212345293
6.9 1.0020434449736646
7.0 1.0582643004700927
7.1000000000000005 1.0026678646890725
7.2 0.9740666186765693
7.300000000000001 0.9785988383429506
7.4 0.9728845990455997
7.5 0.9676499508686681
7.6000000000000005 1.0386513625797538
7.7 0.9897186319573499
7.800000000000001 0.9883335876271807
7.9 1.0135505072630142
8.0 0.9807168693070032
8.1 1.025364945267551
8.200000000000001 1.0085308801496544
8.3 0.9947659038906882
8.4 1.0130500421528132
8.5 1.006186942450308
8.6 0.9667458882236117
8.700000000000001 0.9988180523891379
8.8 1.0143796393837512
8.9 0.9970414091123274
9.0 0.9878499610037932
9.1 1.0104636024606368
9.200000000000001 1.0231762273117366
9.3 0.9864253975179951
9.4 1.0006590559905204
9.5 0.9945001539642292
9.600000000000001 1.0165101482804004
9.700000000000001 1.017998276826467
9.8 0.9793316795775042
9.9 0.982596793671276
