0.0 0.0
0.1 0.0
0.2 0.0
0.30000000000000004 0.0
0.4 0.0
0.5 0.0
0.6000000000000001 0.0
0.7000000000000001 0.0
0.8 0.0
0.9 0.032953008903095396
1.0 0.3237558457790521
1.1 0.7873029960852893
1.2000000000000002 1.4661629782108563
1.3 1.501982482581306
1.4000000000000001 1.4011034482743998
1.5 0.9165598343171638
1.6 0.5793195432988485
1.7000000000000002 0.3984122763028215
1.8 0.19999620690651765
1.9000000000000001 0.1565340124932314
2.0 0.2903575590184718
2.1 0.341243018655486
2.2 0.35862158668668204
2.3000000000000003 0.5227735335157927
2.4000000000000004 0.5404769183723125
2.5 0.6957459470714019
2.6 0.6908558435104094
2.7 0.8658697182911184
2.8000000000000003 0.9637504323144512
2.9000000000000004 1.0978993479468293
3.0 1.1102838044501548
3.1 1.1879022853357692
3.2 1.1553830291015872
3.3000000000000003 1.238620121101587
3.4000000000000004 1.3179081132773385
3.5 1.211644050974618
3.6 1.2645809916462822
3.7 1.3250405660996734
3.8000000000000003 1.1004689557411493
3.9000000000000004 1.2286030604152578
4.0 1.132388867618176
4.1000000000000005 1.0940309669563948
4.2 1.039859286849643
4.3 1.0822657396449409
4.4 1.0071162811875158
4.5 0.938892821529298
4.6000000000000005 0.9113358568264407
4.7 0.9037127799861299
4.800000000000001 0.9427586414185127
4.9 0.8710379949576598
5.0 0.846221725818281
5.1000000000000005 0.8877516578454734
5.2 0.9460530295754306
5.300000000000001 0.9266177341039147
5.4 0.8628614656456236
5.5 0.9393158728689713
5.6000000000000005 0.9669714141182196
5.7 0.9606405076512102
5.800000000000001 0.9628717066233475
5.9 1.0064520948167222
6.0 1.0474621484024809
6.1000000000000005 1.0160370712827935
6.2 1.0157900670006732
6.300000000000001 1.0689447232905565
6.4 1.066108121543217
6.5 1.0553130054211635
6.6000000000000005 1.0339102791864685
6.7 1.0446626962447452
6.800000000000001 1.0638669529845177
6.9 1.0365541663257711
7.0 1.0414949736941093
7.1000000000000005 0.9962629015580737
7.2 1.034662623443077
7.300000000000001 1.0138636613463001
7.4 1.0082817233769168
7.5 0.9598168427936384
7.6000000000000005 0.9811745731715695
7.7 0.9956658645980551
7.800000000000001 1.0013761129770995
7.9 0.9513810523565468
8.0 0.9719891781984162
8.1 0.9680018714064293
8.200000000000001 0.9757295722523326
8.3 0.9729920579256989
8.4 0.9863688887792411
8.5 0.9935637958635174
8.6 1.0069275074460746
8.700000000000001 0.950607293924267
8.8 1.0067784431350906
8.9 0.9948117227706673
9.0 1.0089299086631824
9.1 1.0197078155725217
9.200000000000001 1.022828326520403
9.3 1.0102603225529483
9.4 1.01232563392512
9.5 1.0235485667318092
9.600000000000001 1.0337716413644071
9.700000000000001 1.0010890467592173
9.8 1.0268869459730283
9.9 1.0084546040310465
