0.0 0.0
0.1 0.0
0.2 0.0
0.30000000000000004 0.0
0.4 0.0
0.5 0.0
0.6000000000000001 0.0
0.7000000000000001 0.0
0.8 0.0
0.9 0.0
1.0 0.0
1.1 0.15746059921705785
1.2000000000000002 2.3801347048877535
1.3 3.722304413353671
1.4000000000000001 1.7124597701131554
1.5 0.2353329304327853
1.6 0.0
1.7000000000000002 0.0
1.8 0.0
1.9000000000000001 0.00782670062466157
2.0 0.014163783366754723
2.1 0.05794692769621461
2.2 0.12345989049869381
2.3000000000000003 0.23713438633706063
2.4000000000000004 0.3223027494880763
2.5 0.5630049440117266
2.6 0.6484720494300162
2.7 0.8816128040782296
2.8000000000000003 0.9637504323144512
2.9000000000000004 1.1526233029846775
3.0 1.1326814604477082
3.1 1.2238993242853382
3.2 1.2032891546984823
3.3000000000000003 1.395105318414207
3.4000000000000004 1.4404460592936374
3.5 1.4478319751412103
3.6 1.362887641173555
3.7 1.4880247890863743
3.8000000000000003 1.401692210049858
3.9000000000000004 1.2896516596905503
4.0 1.221310429338193
4.1000000000000005 1.176990661133183
4.2 1.1651038285304243
4.3 1.0932771643215609
4.4 1.085280529876696
4.5 0.9417684503854368
4.6000000000000005 0.8356206421354222
4.7 0.8337904773010716
4.800000000000001 0.7668613915431124
4.9 0.7750658867266206
5.0 0.7388391068178922
5.1000000000000005 0.7429729424699157
5.2 0.7127796798171052
5.300000000000001 0.8049406579084512
5.4 0.755630133678049
5.5 0.8658714219039078
5.6000000000000005 0.888643932164574
5.7 0.9120232748366223
5.800000000000001 0.968960326267759
5.9 1.010656155363158
6.0 1.0808052757972804
6.1000000000000005 1.083720408331841
6.2 1.1377153563630946
6.300000000000001 1.117667341893579
6.4 1.0875733857353624
6.5 1.1205328755786843
6.6000000000000005 1.1288200118461638
6.7 1.1341678803507678
6.800000000000001 1.1469716463899868
6.9 1.1487140107201173
7.0 1.1337262709620177
7.1000000000000005 1.076033806007785
7.2 1.051085839688205
7.300000000000001 0.9907211212503519
7.4 1.0141812440988032
7.5 1.0141263921138444
7.6000000000000005 0.9415003291553008
7.7 0.937184743631121
7.800000000000001 0.9414771076663613
7.9 0.8976892503918704
8.0 0.9108953404383079
8.1 0.9160165857197878
8.200000000000001 0.8900088209473316
8.3 0.8893121793151517
8.4 0.9400937633969522
8.5 0.932891252591524
8.6 0.937703727795495
8.700000000000001 0.9692695230074428
8.8 0.9543301890193328
8.9 1.0074466120400745
9.0 1.039822935405391
9.1 1.0278853887099582
9.200000000000001 1.0638806198977526
9.3 1.0283067657936986
9.4 1.0473253677289192
9.5 1.0731593390989123
9.600000000000001 1.0638194256217524
9.700000000000001 1.0574531469833834
9.8 1.0603290365350422
9.9 1.0358157754582453
