0.0 0.0
0.1 0.0
0.2 0.0
0.30000000000000004 0.0
0.4 0.0
0.5 0.0
0.6000000000000001 0.0
0.7000000000000001 0.0
0.8 0.0
0.9 0.032953008903095396
1.0 0.21583723051936804
1.1 0.11247185658361275
1.2000000000000002 0.11424646583461218
1.3 0.29386613789634247
1.4000000000000001 0.4528819226745535
1.5 0.5449815231075028
1.6 0.45908341167078565
1.7000000000000002 0.6607813363071185
1.8 0.8956351874509269
1.9000000000000001 0.9783375780826963
2.0 0.9914648356728306
2.1 0.8498882728778142
2.2 0.9406467847519528
2.3000000000000003 1.1425565887149285
2.4000000000000004 1.1007878520977374
2.5 0.9383415733528777
2.6 1.1825078548429708
2.7 1.0351078905025641
2.8000000000000003 0.868474724176901
2.9000000000000004 1.0021324266305949
3.0 1.0750874878825707
3.1 0.9929183243589386
3.2 1.0849328444002708
3.3000000000000003 0.9680863901543453
3.4000000000000004 0.9202849823264906
3.5 1.0085224361913487
3.6 0.9607240749256208
3.7 0.935571773508076
3.8000000000000003 1.000061204304913
3.9000000000000004 1.093151480773203
4.0 1.0180611454067254
4.1000000000000005 0.9851463683493603
4.2 0.9920686064714502
4.3 1.0099049489128662
4.4 0.9996004880443253
4.5 0.9532709658099917
4.6000000000000005 1.0214670781951949
4.7 0.9881472587001624
4.800000000000001 1.0528526035707417
4.9 0.9937365130758239
5.0 1.0329741066885223
5.1000000000000005 0.9741699608215814
5.2 1.0097712130742325
5.300000000000001 0.9619768844513144
5.4 0.9971511711003432
5.5 1.0572135441549946
5.6000000000000005 0.9828234045136003
5.7 0.9849491240585042
5.800000000000001 0.9880959880073377
5.9 1.0148602159095936
6.0 1.0344501962484127
6.1000000000000005 1.0073799002648922
6.2 0.9647338520801593
6.300000000000001 0.9906932449281262
6.4 0.9874021528386843
6.5 0.9893993068577114
6.6000000000000005 1.0258328551303242
6.7 0.9865169927014167
6.800000000000001 0.9985250948107518
6.9 1.0501119497140987
7.0 1.0157420790024205
7.1000000000000005 0.9735543959118055
7.2 1.0250352208166225
7.300000000000001 0.9846599797966512
7.4 0.9884378809487542
7.5 0.9890604462737493
7.6000000000000005 0.9959252536391566
7.7 0.9679121122747644
7.800000000000001 0.9965455480326851
7.9 0.9942402977844902
8.0 1.004143829651105
8.1 1.024916796253011
8.200000000000001 1.0041573724300115
8.3 0.9892157078603968
8.4 1.071831958178964
8.5 0.9858270286006457
8.6 1.0033469671193205
8.700000000000001 1.002706016781466
8.8 1.0041180244480594
8.9 1.0119059847233944
9.0 0.9900306452444197
9.1 0.9841531497575801
9.200000000000001 1.007868592493064
9.3 0.9908518835959149
9.4 0.975659246130664
9.5 0.9719794744028469
9.600000000000001 1.006600772621063
9.700000000000001 0.9916950300551896
9.8 1.0321026848680215
9.9 1.0141673760872747
