0.0 0.0
0.1 0.0
0.2 0.0
0.30000000000000004 0.0
0.4 0.0
0.5 0.0
0.6000000000000001 0.0
0.7000000000000001 0.0
0.8 0.0
0.9 0.0
1.0 0.0
1.1 0.15746059921705785
1.2000000000000002 0.15232862111281623
1.3 0.22856255169715525
1.4000000000000001 0.4387293625909737
1.5 0.4830518045725593
1.6 0.4918750839329846
1.7000000000000002 0.7093681992708774
1.8 0.8608532384237063
1.9000000000000001 0.9078972724607421
2.0 0.8994002437889249
2.1 0.7790642501379964
2.2 1.0288324208224484
2.3000000000000003 1.1102200814871475
2.4000000000000004 0.9619497446259507
2.5 0.9703825051259027
2.6 1.0214494373374765
2.7 1.1098875479913426
2.8000000000000003 1.02971053794814
2.9000000000000004 1.008972921010326
3.0 0.9950958593198793
3.1 0.980919311375749
3.2 1.059570777907797
3.3000000000000003 1.0317413856713433
3.4000000000000004 0.9778027937218963
3.5 0.9943511607413532
3.6 1.038922546140497
3.7 0.9800220161408126
3.8000000000000003 1.022150909620885
3.9000000000000004 0.9844086633140886
4.0 0.9436573896818132
4.1000000000000005 0.9523081560710484
4.2 1.0563388318076405
4.3 1.063389011627878
4.4 1.01162575707343
4.5 1.0251616872134601
4.6000000000000005 0.941621942702848
4.7 0.9973822798095097
4.800000000000001 1.031339990276628
4.9 1.0070997180193864
5.0 0.983951606710084
5.1000000000000005 1.019062585744235
5.2 1.0194909359808293
5.300000000000001 1.046214860278943
5.4 1.0242095445874881
5.5 1.0630117902838152
5.6000000000000005 0.9613765939786735
5.7 0.982248166679916
5.800000000000001 1.001143030102505
5.9 1.004770470598148
6.0 1.0246912321328618
6.1000000000000005 1.0427955998835798
6.2 0.9982633066548251
6.300000000000001 0.9973372383739928
6.4 0.9480491684864178
6.5 0.9817671943924696
6.6000000000000005 0.9659252933805874
6.7 0.998276797912427
6.800000000000001 0.9832998074692918
6.9 1.011287388192979
7.0 1.0037639884481466
7.1000000000000005 0.9549217758943547
7.2 1.039759483657082
7.300000000000001 0.9560073111064298
7.4 1.0034548427862826
7.5 1.0083821128588226
7.6000000000000005 0.9964338977932113
7.7 1.0075603298794653
7.800000000000001 0.9757741187717033
7.9 0.9984791242553858
8.0 1.0569693284662363
8.1 0.9948908122788302
8.200000000000001 0.9739801691644755
8.3 1.0152589353871488
8.4 0.9796986004358481
8.5 1.019217287314092
8.6 0.994594535209477
8.700000000000001 0.982488601941359
8.8 1.037563287942166
8.9 1.0483241949705089
9.0 1.0303733036960094
9.1 0.9809532298342354
9.200000000000001 0.9796886283950528
9.3 1.0143463097017975
9.4 0.9719926073512184
9.5 1.0179999935065411
9.600000000000001 0.984864077626388
9.700000000000001 0.9970183061874719
9.8 0.971354667149868
9.9 1.0063498985366466
