0.0 0.0
0.1 0.0
0.2 0.0
0.30000000000000004 0.0
0.4 0.0
0.5 0.0
0.6000000000000001 0.0
0.7000000000000001 0.0
0.8 0.12345989049869378
0.9 0.09885902670928619
1.0 0.13489826907460503
1.1 0.29242682711739315
1.2000000000000002 0.28561616458653044
1.3 0.27754024134654565
1.4000000000000001 0.3679665621730747
1.5 0.5078236919865368
1.6 0.6995556749269114
1.7000000000000002 0.6219118459361116
1.8 0.8434622639100962
1.9000000000000001 0.8609370687127728
2.0 0.764844301804755
2.1 0.8498882728778142
2.2 1.0111952936083493
2.3000000000000003 1.0886624100019602
2.4000000000000004 0.9966592714938974
2.5 0.9795370570610528
2.6 1.1909846136590494
2.7 1.141373719565565
2.8000000000000003 1.0443683392000707
2.9000000000000004 0.9918716850609984
3.0 1.0046948547474024
3.1 1.0019175840963308
3.2 1.0567527705197444
3.3000000000000003 0.9946093049530944
3.4000000000000004 1.0253175074833183
3.5 0.9471135759080348
3.6 1.0411567881752077
3.7 0.9884887290232387
3.8000000000000003 1.0422324599081323
3.9000000000000004 0.9767775884046771
4.0 0.9454721154312014
4.1000000000000005 1.0300828693617872
4.2 1.0167879239084465
4.3 1.0083318882447776
4.4 0.9980973294156873
4.5 0.9518331513819224
4.6000000000000005 0.9691547480450365
4.7 0.9709965052113745
4.800000000000001 0.9592094633493056
4.9 0.9864474921975172
5.0 1.0189676781232542
5.1000000000000005 1.0257964794826329
5.2 1.0108511822860764
5.300000000000001 1.0056558348804552
5.4 0.9931425231763217
5.5 0.981836344480324
5.6000000000000005 0.9949455148159502
5.7 0.9885504005632885
5.800000000000001 1.0141900721976722
5.9 1.0535375729368028
6.0 1.0092395389499058
6.1000000000000005 1.0073799002648922
6.2 1.0127419347666127
6.300000000000001 1.0047194533138448
6.4 0.9759540119362068
6.5 0.9817671943924696
6.6000000000000005 1.0446801779279942
6.7 0.9963168303772586
6.800000000000001 0.9471397500333243
6.9 1.0045084964988151
7.0 0.9486647718984871
7.1000000000000005 1.0026678646890725
7.2 1.0454226616726436
7.300000000000001 0.9852109926560786
7.4 1.0200807648206893
7.5 0.9995045903737889
7.6000000000000005 0.993382032868883
7.7 1.0184635897207581
7.800000000000001 1.0081389038992796
7.9 0.9640975317692333
8.0 0.9995503080150066
8.1 0.9751722556390696
8.200000000000001 1.0203393509926904
8.3 1.0395944102891956
8.4 0.9767803492856136
8.5 0.9964141838024702
8.6 0.971917779806701
8.700000000000001 1.0279777853316001
8.8 0.9778938973901804
8.9 1.000757553015094
9.0 1.0016609611944276
9.1 1.0086858691698897
9.200000000000001 1.0103038980323982
9.3 1.0075363311203822
9.4 0.9763259077269268
9.5 0.9961320872657786
9.600000000000001 1.019706721073735
9.700000000000001 0.9901293606045183
9.8 1.0063307985633503
9.9 0.9871068768735615
