0.0 0.0
0.1 0.0
0.2 0.0
0.30000000000000004 0.0
0.4 0.0
0.5 0.0
0.6000000000000001 0.0
0.7000000000000001 0.0
0.8 0.0
0.9 0.032953008903095396
1.0 0.0
1.1 0.47238179765117355
1.2000000000000002 0.22849293166922435
1.3 0.7673171378404497
1.4000000000000001 0.7076280041789899
1.5 0.8050863409542656
1.6 0.8307223639757073
1.7000000000000002 0.6316292185288633
1.8 0.7217254423148245
1.9000000000000001 0.6104826487236025
2.0 0.6727797099208493
2.1 0.7339944174853851
2.2 0.7466383853968626
2.3000000000000003 0.7760761734667438
2.4000000000000004 0.7636095910948268
2.5 0.8101778462607773
2.6 0.856152640423943
2.7 0.9603282330137858
2.8000000000000003 1.0626905907649842
2.9000000000000004 0.995291932250864
3.0 1.0302921758874635
3.1 1.0139165970795203
3.2 1.0088466449228493
3.3000000000000003 0.9919570134732195
3.4000000000000004 1.0353206051173018
3.5 1.1124451228246492
3.6 1.081373144800001
3.7 1.1916898382014633
3.8000000000000003 1.1125178859134977
3.9000000000000004 1.0817048684090858
4.0 1.0706881921389804
4.1000000000000005 1.0957592939184113
4.2 1.0019563334462487
4.3 1.0508045262831693
4.4 0.9875752190152207
4.5 1.0280373160695988
4.6000000000000005 1.0696494875440248
4.7 0.9644000615618408
4.800000000000001 0.9592094633493056
4.9 0.9864474921975172
5.0 0.9477683329164748
5.1000000000000005 0.9573352264755863
5.2 0.9546927832701834
5.300000000000001 0.9910961847374081
5.4 1.0502657560936277
5.5 0.979903595770717
5.6000000000000005 0.9651064740717042
5.7 0.9354315721177201
5.800000000000001 0.935038016820324
5.9 0.9879542284124048
6.0 0.9571917303336336
6.1000000000000005 0.9884915271349255
6.2 1.0226483645273095
6.300000000000001 1.0194838831935487
6.4 1.024608610771736
6.5 0.9914807920755047
6.6000000000000005 0.9941962775770924
6.7 1.0407427611744084
6.800000000000001 0.9966219338930693
6.9 0.9921832388730627
7.0 1.022928933334985
7.1000000000000005 1.0585657247414249
7.2 1.0289994454275153
7.300000000000001 1.0182717642217187
7.4 0.9862926006862501
7.5 0.9864494102487394
7.6000000000000005 1.0284784794986592
7.7 1.0035955081189953
7.800000000000001 1.0351900675880001
7.9 1.003659912164258
8.0 1.034920424612964
8.1 0.9653129773191893
8.200000000000001 1.0177152463609045
8.3 0.9969005946715696
8.4 0.9605215214485933
8.5 0.9817550458307133
8.6 0.9758961579475389
8.700000000000001 0.9696583194466757
8.8 0.9919561104502025
8.9 0.982548447891537
9.0 0.9969361453397368
9.1 1.022552188837717
9.200000000000001 0.9762096204817181
9.3 0.9976618621773301
9.4 0.9996590635961262
9.5 0.9886251940786512
9.600000000000001 1.0222639793084027
9.700000000000001 0.9823010133511618
9.8 1.0155350436721613
9.9 0.9973297321320754
