0.0 0.0
0.1 0.0
0.2 0.0
0.30000000000000004 0.0
0.4 0.0
0.5 0.0
0.6000000000000001 0.0
0.7000000000000001 0.0
0.8 0.04115329683289793
0.9 0.0
1.0 0.0
1.1 0.11247185658361275
1.2000000000000002 0.34273939750383653
1.3 0.29386613789634247
1.4000000000000001 0.4528819226745535
1.5 0.6069112416424464
1.6 0.6339723304025134
1.7000000000000002 0.6802160814926221
1.8 0.6956389805444092
1.9000000000000001 0.7904967630908186
2.0 0.7294348433878682
2.1 1.0816759836626726
2.2 0.9524048695613523
2.3000000000000003 1.1425565887149285
2.4000000000000004 1.0660783252297907
2.5 1.0024234368989278
2.6 0.9875424020731619
2.7 1.0114932618218972
2.8000000000000003 1.015052736696209
2.9000000000000004 0.9850311906812674
3.0 1.0334918410299712
3.1 0.9959180776047359
3.2 0.9834845784303754
3.3000000000000003 1.0264368027115935
3.4000000000000004 1.0003097633983593
3.5 0.9778180060496917
3.6 1.0322198200363648
3.7 0.9842553725820257
3.8000000000000003 0.977971498988941
3.9000000000000004 1.058811643680851
4.0 0.9835813561683515
4.1000000000000005 1.0611927546780828
4.2 1.0151399694126468
4.3 1.0099049489128662
4.4 0.9980973294156873
4.5 1.0352263882099457
4.6000000000000005 0.980167870181912
4.7 0.9129478010954771
4.800000000000001 1.0617107384565532
4.9 1.0083145548324375
5.0 0.9466011305360357
5.1000000000000005 0.9708030139523824
5.2 1.0529699815479963
5.300000000000001 0.9942161097680611
5.4 0.9620755017651552
5.5 1.0349869339945148
5.6000000000000005 1.004270215048527
5.7 1.020061569980151
5.800000000000001 0.9463454533028023
5.9 0.9803869194288204
6.0 1.0100527859595352
6.1000000000000005 1.0058058691707283
6.2 1.0226483645273095
6.300000000000001 0.9611643851687185
6.4 1.0060053818052102
6.5 0.9859301648280561
6.6000000000000005 0.9719833614226956
6.7 1.01068992563516
6.800000000000001 1.0486416656430577
6.9 1.0186825427684303
7.0 0.9929837069493003
7.1000000000000005 1.0079082890689806
7.2 0.9842603391045799
7.300000000000001 0.992374159828634
7.4 1.0254439654769496
7.5 1.0177818425488583
7.6000000000000005 1.0116932224148532
7.7 0.9872406183570561
7.800000000000001 0.9883335876271807
7.9 1.0055438350402115
8.0 0.9977128993605672
8.1 0.9711389145082094
8.200000000000001 0.9866633415514399
8.3 0.996046718359217
8.4 0.9897040329509377
8.5 0.9976357786334499
8.6 1.0315934519192695
8.700000000000001 1.012037131323054
8.8 0.9505295908950024
8.9 0.9996427098442642
9.0 1.0071126717959937
9.1 1.0079747758535909
9.200000000000001 0.965772596741714
9.3 0.9976618621773301
9.4 1.031992151014874
9.5 0.9938473806436094
9.600000000000001 0.9864623640230552
9.700000000000001 1.0064123228914996
9.8 1.029341411335378
9.9 1.0267956090536743
