0.0 0.0
0.1 0.0
0.2 0.0
0.30000000000000004 0.0
0.4 0.0
0.5 0.0
0.6000000000000001 0.0
0.7000000000000001 0.0
0.8 0.08230659366579586
0.9 0.13181203561238158
1.0 0.08093896144476302
1.1 0.24743808448394805
1.2000000000000002 0.20945185403012231
1.3 0.32651793099593607
1.4000000000000001 0.5377972831760323
1.5 0.5697534105214802
1.6 0.7104862323476444
1.7000000000000002 0.7871071800128913
1.8 0.8608532384237063
1.9000000000000001 0.727883158093526
2.0 0.764844301804755
2.1 0.8756424629650207
2.2 0.9524048695613523
2.3000000000000003 0.9377587096056488
2.4000000000000004 1.0016177753321756
2.5 1.0893916802828532
2.6 1.106217025498263
2.7 0.9721355473541192
2.8000000000000003 0.9710793329404166
2.9000000000000004 1.0465956400988465
3.0 1.097485143880124
3.1 0.950921778917775
3.2 0.9919386005945334
3.3000000000000003 0.9919570134732195
3.4000000000000004 0.9377904031859619
3.5 1.1124451228246492
3.6 0.9808322532380176
3.7 1.0414056845384014
3.8000000000000003 1.0623140101953794
3.9000000000000004 0.9863164320414415
4.0 0.9890255334165158
4.1000000000000005 0.9851463683493603
4.2 1.0233797418916455
4.3 0.9564208861978547
4.4 0.9439836187847163
4.5 0.9762759966591016
4.6000000000000005 0.9898043520516779
4.7 1.0000208572693232
4.800000000000001 1.0288090945949675
4.9 1.0204629229629487
5.0 0.9769483924274499
5.1000000000000005 1.0044724826443725
5.2 0.9806120443544417
5.300000000000001 1.0410149852278547
5.4 0.9941446851573271
5.5 0.9741053496418962
5.6000000000000005 1.0546235963044421
5.7 1.0722800792995233
5.800000000000001 0.9680905234614144
5.9 0.9526401198223444
6.0 1.066980076633583
6.1000000000000005 0.9884915271349255
6.2 0.9883568768941283
6.300000000000001 0.993646130904067
6.4 1.0060053818052102
6.5 0.99494993410516
6.6000000000000005 1.0090048883466902
6.7 0.9473176419980491
6.800000000000001 0.9959875469205085
6.9 1.0057410222613903
7.0 1.0151431744747068
7.1000000000000005 1.0189714072043419
7.2 1.0244689030150662
7.300000000000001 0.9967822627040527
7.4 0.981465720095616
7.5 0.971827608508684
7.6000000000000005 1.014236443185127
7.7 0.9803021802762334
7.800000000000001 0.9979947175160094
7.9 0.9768140111819198
8.0 0.9862290952703212
8.1 0.9765167026826896
8.200000000000001 1.010717634009476
8.3 1.0135511827624437
8.4 1.0172189723674339
8.5 1.0285828476849364
8.6 0.9747026445052875
8.700000000000001 1.0198130601077107
8.8 1.0197004767578135
8.9 1.0115343703331179
9.0 0.9871230662569177
9.1 0.9894863496298213
9.200000000000001 0.9901256521350569
9.3 1.0102603225529483
9.4 0.9749925845344012
9.5 1.0189791534874708
9.600000000000001 1.0340912986437407
9.700000000000001 1.0189376784968698
9.8 0.9790248714072105
9.9 1.0195794759300174
