0.0 0.0
0.1 0.0
0.2 0.0
0.30000000000000004 0.0
0.4 0.0
0.5 0.0
0.6000000000000001 0.0
0.7000000000000001 0.0
0.8 0.0
0.9 0.09885902670928619
1.0 0.2967761919641311
1.1 0.9222692239856246
1.2000000000000002 1.0853414254288156
1.3 1.1101609653861826
1.4000000000000001 1.2878829676057615
1.5 0.9041738906101752
1.6 0.6558334452439795
1.7000000000000002 0.534455492601346
1.8 0.4347743628402557
1.9000000000000001 0.43829523498104794
2.0 0.37534025921900016
2.1 0.392751398829899
2.2 0.49383956199477524
2.3000000000000003 0.6521195624269167
2.4000000000000004 0.5751864452402592
2.5 0.8376415020662273
2.6 0.7332396375908027
2.7 0.9249062899927855
2.8000000000000003 0.9637504323144512
2.9000000000000004 1.1013195951366948
3.0 1.0494901667425094
3.1 1.1189079606824293
3.2 1.1779270882060084
3.3000000000000003 1.1192670045072155
3.4000000000000004 1.1103438373721788
3.5 1.2329009641496114
3.6 1.231067361125621
3.7 1.1811064470984307
3.8000000000000003 1.212925637349734
3.9000000000000004 1.112229168046732
4.0 1.1251299646206234
4.1000000000000005 1.1666206993610846
4.2 0.980532925000852
4.3 0.9642861895382976
4.4 1.085280529876696
4.5 0.8986340175433557
4.6000000000000005 0.9471285037712858
4.7 1.0316837867870854
4.800000000000001 0.938962297896022
4.9 0.9159869570405517
5.0 0.9267586900685726
5.1000000000000005 0.9124426015529328
5.2 0.9222937069148603
5.300000000000001 0.9245377840834794
5.4 0.9941446851573271
5.5 0.9731389752870927
5.6000000000000005 0.9119556827460162
5.7 0.9912513579418767
5.800000000000001 0.9863563823946487
5.9 0.9517993077130572
6.0 0.9669506944491846
6.1000000000000005 0.9877045115878436
6.2 1.0241724306443396
6.300000000000001 1.0364629775552079
6.4 1.0568065070599542
6.5 1.0754340291931646
6.6000000000000005 1.031217804501087
6.7 1.019836440799279
6.800000000000001 1.0327819913290368
6.9 1.0143687025994168
7.0 1.055269777831524
7.1000000000000005 1.022465023457614
7.2 1.0176730893963926
7.300000000000001 1.008904545611454
7.4 0.9868289207518761
7.5 0.9937603111187671
7.6000000000000005 1.0091500016445796
7.7 0.991701042837585
7.800000000000001 0.9970286045271266
7.9 1.0003630471313394
8.0 0.9494809221815342
8.1 0.9536611029411489
8.200000000000001 0.9844765876916184
8.3 0.9883618315480442
8.4 0.9813661725216963
8.5 0.9418496146853753
8.6 0.9997664267925663
8.700000000000001 0.9945412915575768
8.8 1.0170400580707823
8.9 1.0219395732608647
9.0 0.9602279606225246
9.1 1.0108191491187861
9.200000000000001 1.0270031360164047
9.3 1.0071958321913115
9.4 1.020992234676537
9.5 0.9693683811203678
9.600000000000001 1.0129939182077323
9.700000000000001 1.041170184696402
9.8 1.0213643989077417
9.9 1.0273969534806457
