0.0 0.0
0.1 0.0
0.2 0.0
0.30000000000000004 0.0
0.4 0.0
0.5 0.0
0.6000000000000001 0.0
0.7000000000000001 0.0
0.8 0.0
0.9 0.0
1.0 0.16187792288952604
1.1 0.29242682711739315
1.2000000000000002 0.5712323291730609
1.3 0.8326207240396369
1.4000000000000001 0.8208484848476282
1.5 0.8050863409542656
1.6 0.7651390194513094
1.7000000000000002 0.757955062234636
1.8 0.6695525187739938
1.9000000000000001 0.5948292474742793
2.0 0.6302883598205852
2.1 0.48932961165692335
2.2 0.7348803005874632
2.3000000000000003 0.6359513088130262
2.4000000000000004 0.7983191179627736
2.5 0.7598278106174522
2.6 0.9324434697686508
2.7 0.8816128040782296
2.8000000000000003 0.9014547769937452
2.9000000000000004 0.9816109434914019
3.0 0.8895069096171269
3.1 1.0919101814702525
3.2 1.1131129182807975
3.3000000000000003 1.2253586637022122
3.4000000000000004 1.1853670696270557
3.5 1.1384257944829745
3.6 1.1059498071818192
3.7 1.1260728133626616
3.8000000000000003 1.1265749711145707
3.9000000000000004 1.0912437120458502
4.0 1.119685787372459
4.1000000000000005 1.1216841983486576
4.2 1.0019563334462487
4.3 1.0209163735894864
4.4 1.029663660617087
4.5 1.000718841936281
4.6000000000000005 1.0077006755241005
4.7 0.9921051248898827
4.800000000000001 0.8946716234669644
4.9 0.9354243460493696
5.0 0.9080834519815484
5.1000000000000005 0.9371335452603923
5.2 0.9849319212018182
5.300000000000001 0.9900562097271906
5.4 0.9660841496891768
5.5 0.8987281499672256
5.6000000000000005 0.9884182246531464
5.7 0.9921516770680727
5.800000000000001 0.968960326267759
5.9 0.9812277315381076
6.0 0.9799626466032527
6.1000000000000005 1.0239072267536131
6.2 1.0180761661762185
6.300000000000001 1.0541802934108526
6.4 1.057522015866359
6.5 0.9907869636695735
6.6000000000000005 0.9894844468776749
6.7 1.0067699905648233
6.800000000000001 1.0410290219723277
6.9 1.0328565890380454
7.0 1.0313135967229765
7.1000000000000005 0.9892756690515296
7.2 1.0414584370617506
7.300000000000001 1.016618725643437
7.4 0.9820020401612419
7.5 0.9786163021737098
7.6000000000000005 1.010167289952689
7.7 1.010533946199818
7.800000000000001 0.989782757110505
7.9 0.9848206834047224
8.0 1.0068999426327638
8.1 0.9984760043951503
8.200000000000001 0.9897247969551899
8.3 0.9922042749536306
8.4 1.0243061537322888
8.5 0.9935637958635174
8.6 0.983455076415131
8.700000000000001 1.0100931491268899
8.8 0.9436885142712079
8.9 0.9758593888665568
9.0 0.9936651189787972
9.1 1.0243299221284639
9.200000000000001 0.9876903465957226
9.3 0.9973213632482594
9.4 1.0109923107325944
9.5 1.003638980452906
9.600000000000001 1.0011665988723943
9.700000000000001 0.9866848878130414
9.8 1.014001002820693
9.9 1.0084546040310465
