0.0 0.0
0.1 0.0
0.2 0.0
0.30000000000000004 0.0
0.4 0.0
0.5 0.0
0.6000000000000001 0.0
0.7000000000000001 0.0
0.8 0.04115329683289793
0.9 0.06590601780619079
1.0 0.026979653814921005
1.1 0.1349662279003353
1.2000000000000002 0.36178047514293854
1.3 0.5714063792428882
1.4000000000000001 0.32550888192233535
1.5 0.4582799171585819
1.6 0.6121112155610475
1.7000000000000002 0.7288029444563808
1.8 0.6869434932876041
1.9000000000000001 0.8531103680881111
2.0 0.998546727356208
2.1 0.9013966530522273
2.2 0.9465258271566526
2.3000000000000003 0.9754846347047267
2.4000000000000004 0.9966592714938974
2.5 1.029887092704378
2.6 1.093501887274145
2.7 1.0902086907574535
2.8000000000000003 1.0810128423298977
2.9000000000000004 0.995291932250864
3.0 1.0046948547474024
3.1 0.9389227659345853
3.2 0.9834845784303754
3.3000000000000003 1.0131753453122188
3.4000000000000004 0.9527950496369373
3.5 1.0722931757163285
3.6 1.0567964824181828
3.7 0.9757886596995996
3.8000000000000003 0.9960448942474636
3.9000000000000004 1.0301951127705578
4.0 0.9636193729250824
4.1000000000000005 0.9903313492354096
4.2 0.9871247429840511
4.3 1.003612706240512
4.4 0.9800594258720303
4.5 0.9690869245187548
4.6000000000000005 1.0228437184623043
4.7 0.9327371320440785
4.800000000000001 0.9769257331209286
4.9 1.0070997180193864
5.0 1.0376429162102783
5.1000000000000005 1.019062585744235
5.2 1.0454101970650878
5.300000000000001 1.0420549602380724
5.4 1.0492635941126225
5.5 1.0320878109301044
5.6000000000000005 0.9716337642345081
5.7 1.0137593360967785
5.800000000000001 0.9602622982043141
5.9 1.010656155363158
6.0 0.9986673278247256
6.1000000000000005 0.964881060722467
6.2 0.9685440173727349
6.300000000000001 1.0143163327356521
6.4 0.9788160471618261
6.5 1.0282536975898515
6.6000000000000005 0.9955425149197831
6.7 0.9871703152131395
6.800000000000001 1.0004282557284343
6.9 0.9952645532795008
7.0 0.9786099982841717
7.1000000000000005 1.0148955215755244
7.2 0.9842603391045799
7.300000000000001 1.0033944170171807
7.4 0.9921921214081363
7.5 1.0271815722388937
7.6000000000000005 1.0111845782607984
7.7 1.0035955081189953
7.800000000000001 0.9849521921660906
7.9 0.9951822592224671
8.0 1.0082779991235935
8.1 0.9872722790316499
8.200000000000001 0.9827271846037613
8.3 0.9755536868627565
8.4 1.0005432515089512
8.5 0.9947853906944971
8.6 1.0085188587024099
8.700000000000001 0.982488601941359
8.8 1.013239459946452
8.9 0.9944401083803907
9.0 1.0034781980616163
9.1 1.0335741352403487
9.200000000000001 1.0127392035717324
9.3 0.994937870744764
9.4 0.9996590635961262
9.5 1.0055973004147654
9.600000000000001 1.0075597444590636
9.700000000000001 0.9973314400776062
9.8 1.0161486600127487
9.9 0.9874075490870472
