0.0 0.0
0.1 0.0
0.2 0.0
0.30000000000000004 0.0
0.4 0.0
0.5 0.0
0.6000000000000001 0.0
0.7000000000000001 0.0
0.8 0.0
0.9 0.0
1.0 0.0
1.1 0.0
1.2000000000000002 2.094518540301223
1.3 5.110005620086399
1.4000000000000001 1.0755945663520645
1.5 0.0123859437069887
1.6 0.0
1.7000000000000002 0.0
1.8 0.0
1.9000000000000001 0.0
2.0 0.0070818916833773615
2.1 0.012877095043603246
2.2 0.029395212023498526
2.3000000000000003 0.1347354467824208
2.4000000000000004 0.21817416888423624
2.5 0.5721594959468767
2.6 0.712047740550606
2.7 0.9800070902476749
2.8000000000000003 1.1176573454597247
2.9000000000000004 1.3133749209083565
3.0 1.356658020423244
3.1 1.2029010515647562
3.2 1.3019194132803251
3.3000000000000003 1.2757522018198357
3.4000000000000004 1.255388753064941
3.5 1.3320998922995801
3.6 1.2467070553685964
3.7 1.2742402888051172
3.8000000000000003 1.2571050479816777
3.9000000000000004 1.3373458778743723
4.0 1.3174908940557624
4.1000000000000005 1.2426670856898072
4.2 1.252445416807811
4.3 1.1436151057003954
4.4 1.062733150447125
4.5 0.8957583886872169
4.6000000000000005 0.9195956984290972
4.7 0.8694112730085541
4.800000000000001 0.7972321397230376
4.9 0.7811400707918762
5.0 0.7750223806115015
5.1000000000000005 0.7642969393081762
5.2 0.7786578017395952
5.300000000000001 0.8174203580310627
5.4 0.8267836343294303
5.5 0.8504094322270522
5.6000000000000005 0.8942387523041202
5.7 0.9102226365842301
5.800000000000001 0.9593924953979696
5.9 0.9795461073195333
6.0 1.0141190210076814
6.1000000000000005 0.9821954027582699
6.2 1.0173141331177034
6.300000000000001 1.098473583049964
6.4 1.1591242663758468
6.5 1.1052686506482008
6.6000000000000005 1.129493130517509
6.7 1.1001951097411826
6.800000000000001 1.172981512264981
6.9 1.1511790622452678
7.0 1.1025832355209058
7.1000000000000005 1.1162103929204135
7.2 1.0646774669255525
7.300000000000001 1.0111085970491633
7.4 1.010963323705047
7.5 0.9577280139736305
7.6000000000000005 0.9664238927039824
7.7 1.004091110839054
7.800000000000001 0.9448585031274513
7.9 0.9066378840526498
8.0 0.9393751745821178
8.1 0.9088462014871476
8.200000000000001 0.9381174058634036
8.3 0.8893121793151517
8.4 0.9601046284271312
8.5 0.9385920284694294
8.6 0.9277577824434002
8.700000000000001 0.9988180523891379
8.8 0.986255213263707
8.9 0.9780890752082168
9.0 0.9769465398006608
9.1 1.0172189889654757
9.200000000000001 1.019697219398402
9.3 1.07359312336011
9.4 1.0299921662260854
9.5 1.033013779880796
9.600000000000001 1.0500741626104135
9.700000000000001 1.0499379336201613
9.8 1.0551132976400492
9.9 1.0225861980648745
