0.0 0.0
0.1 0.0
0.2 0.0
0.30000000000000004 0.0
0.4 0.0
0.5 0.0
0.6000000000000001 0.0
0.7000000000000001 0.0
0.8 0.0
0.9 0.0
1.0 0.21583723051936804
1.1 0.38240431238428335
1.2000000000000002 0.7426020279249791
1.3 1.1101609653861826
1.4000000000000001 1.1746624869371232
1.5 1.0032614402660847
1.6 0.6449028878232465
1.7000000000000002 0.5733249829723529
1.8 0.4086879010698404
1.9000000000000001 0.4148151331070632
2.0 0.4461591760527738
2.1 0.32836592361188277
2.2 0.5526299860417723
2.3000000000000003 0.5551100407435737
2.4000000000000004 0.6941905373589335
2.5 0.704900499006552
2.6 0.9112515727284541
2.7 0.9367136043331189
2.8000000000000003 0.941763730436555
2.9000000000000004 1.0534361344785776
3.0 1.1134834695926623
3.1 1.0079170905879256
3.2 1.1469290069374292
3.3000000000000003 1.1908788744638383
3.4000000000000004 1.0928384165127076
3.5 1.1927490170412907
3.6 1.2601125075768609
3.7 1.1959231946426763
3.8000000000000003 1.2550968929529531
3.9000000000000004 1.0530883374987925
4.0 1.221310429338193
4.1000000000000005 1.0784760242982472
4.2 1.0991856486984342
4.3 1.0586698296236121
4.4 1.0597268331898486
4.5 0.954708780238061
4.6000000000000005 0.9553883453739423
4.7 0.8826041603076217
4.800000000000001 0.8756899058545111
4.9 0.9099127729752959
5.0 0.8999130353184753
5.1000000000000005 0.9281550202758616
5.2 0.9417331527280541
5.300000000000001 0.8558994334091153
5.4 0.9129695646958921
5.5 0.919988385772902
5.6000000000000005 0.9166180328623046
5.7 0.9660424224083867
5.800000000000001 0.9680905234614144
5.9 1.0005664100517122
6.0 1.0409561723254468
6.1000000000000005 1.0215461801123673
6.2 1.0333168273465212
6.300000000000001 1.0586096223747636
6.4 1.0625305775111928
6.5 1.0934735677473726
6.6000000000000005 1.0520844833127931
6.7 1.042049406197854
6.800000000000001 1.0277068955485502
6.9 1.0796925680159042
7.0 1.101984330993192
7.1000000000000005 1.0201359459554327
7.2 0.9887908815170291
7.300000000000001 0.9631704782789852
7.4 0.9637671579299573
7.5 0.996893554348779
7.6000000000000005 0.9516732122363953
7.7 0.9897186319573499
7.800000000000001 1.005240564932631
7.9 0.9772849919009082
8.0 0.9522370351631932
8.1 0.9706907654936695
8.200000000000001 0.9910368492710828
8.3 0.9482296448674757
8.4 0.9884533538865514
8.5 0.9756470716758147
8.6 1.0260237225220965
8.700000000000001 0.9995956452676035
8.8 0.9516697703323015
8.9 1.0026156249664775
9.0 1.006749224422556
9.1 0.9816643231505342
9.200000000000001 1.041962870043744
9.3 1.003790842900604
9.4 1.0309921586204795
9.5 1.0255068866936685
9.600000000000001 1.0152315191630665
9.700000000000001 1.027705427420629
9.8 1.0041831413712943
9.9 1.0093566206715034
