0.0 0.0
0.1 0.0
0.2 0.0
0.30000000000000004 0.0
0.4 0.0
0.5 0.0
0.6000000000000001 0.0
0.7000000000000001 0.0
0.8 0.04115329683289793
0.9 0.09885902670928619
1.0 0.026979653814921005
1.1 0.24743808448394805
1.2000000000000002 0.4379447856993467
1.3 0.4244733102947169
1.4000000000000001 0.35381400208949493
1.5 0.6316831290564238
1.6 0.7870001342927754
1.7000000000000002 0.6996508266781256
1.8 1.0347629835598087
1.9000000000000001 0.9000705718360805
2.0 0.8285813269551513
2.1 0.9464664857048386
2.2 1.0523485904412473
2.3000000000000003 0.9700952168334298
2.4000000000000004 0.9569912407876726
2.5 1.016155264801653
2.6 0.9239667109525721
2.7 1.0665940620767866
2.8000000000000003 1.0113882863832264
2.9000000000000004 0.9645097075420743
3.0 1.0046948547474024
3.1 1.0829109217328605
3.2 0.938396460221533
3.3000000000000003 0.9813478475537198
3.4000000000000004 0.8952772382415316
3.5 1.032141228608008
3.6 0.9607240749256208
3.7 1.0392890063177949
3.8000000000000003 1.0603058551666547
3.9000000000000004 0.9748698196773242
4.0 1.0071727909103967
4.1000000000000005 1.0058862918935574
4.2 1.026675650883245
4.3 0.984735978223449
4.4 0.9845689017579445
4.5 1.051042346918709
4.6000000000000005 1.0627662862084777
4.7 0.973635082671188
4.800000000000001 0.9857838680067401
4.9 0.9755139608800569
5.0 0.9746139876665719
5.1000000000000005 1.0168179544981022
5.2 1.0194909359808293
5.300000000000001 0.9598969344308791
5.4 1.0091771148724076
5.5 0.9915000880283587
5.6000000000000005 1.0201222054439076
5.7 0.9471357207582691
5.800000000000001 1.0072316497469165
5.9 1.021586712783891
6.0 1.0067997979210181
6.1000000000000005 1.0278423044890228
6.2 1.0157900670006732
6.300000000000001 0.9965990168800076
6.4 1.0009968201603763
6.5 1.015070957877161
6.6000000000000005 0.9921769215630563
6.7 0.9629973822793961
6.800000000000001 0.9839341944418527
6.9 0.9465797856577791
7.0 0.9995716567541509
7.1000000000000005 0.9927692853048017
7.2 1.008045686769938
7.300000000000001 1.00559846845489
7.4 0.9970190019987705
7.5 1.0376257163389333
7.6000000000000005 1.0249179704202762
7.7 0.9827801938765273
7.800000000000001 0.9926810960771536
7.9 0.9730461654300128
8.0 0.998172251524177
8.1 1.0047500905987106
8.200000000000001 0.985351289235547
8.3 1.0037316051703897
8.4 1.0172189723674339
8.5 0.9931565975865242
8.6 1.0475069644826214
8.700000000000001 0.9945412915575768
8.8 1.0216007758199785
8.9 1.002244010576201
9.0 1.0045685401819295
9.1 1.0079747758535909
9.200000000000001 0.9859508426390553
9.3 0.9833609071563582
9.4 1.0053256871643603
9.5 1.0088611670178642
9.600000000000001 0.9871016785817222
9.700000000000001 0.9895030928242498
9.8 1.0063307985633503
9.9 1.003944520828761
