0.0 0.0
0.1 0.0
0.2 0.0
0.30000000000000004 0.0
0.4 0.0
0.5 0.0
0.6000000000000001 0.0
0.7000000000000001 0.0
0.8 0.0
0.9 0.032953008903095396
1.0 0.026979653814921005
1.1 0.6298423968682314
1.2000000000000002 2.0754774626621213
1.3 2.75907651691566
1.4000000000000001 1.7124597701131554
1.5 0.6069112416424464
1.6 0.18581947615246086
1.7000000000000002 0.029152117778255233
1.8 0.01739097451361023
1.9000000000000001 0.01565340124932314
2.0 0.04249135010026417
2.1 0.10301676034882597
2.2 0.1940083993550903
2.3000000000000003 0.25869205782224797
2.4000000000000004 0.5107258953426439
2.5 0.6865913951362519
2.6 0.8052920875274712
2.7 0.7753469750152286
2.8000000000000003 1.0370394385741053
2.9000000000000004 1.0602766288583088
3.0 1.0782871530250782
3.1 1.1609045061235927
3.2 1.2709213320117458
3.3000000000000003 1.2465769955412116
3.4000000000000004 1.405435217574695
3.5 1.4029562695495577
3.6 1.3852300615206625
3.7 1.382190878056049
3.8000000000000003 1.3454638692455656
3.9000000000000004 1.3316225716923136
4.0 1.1668686568565498
4.1000000000000005 1.135510814044789
4.2 1.1074254211774328
4.3 1.0586698296236121
4.4 1.0056131225588778
4.5 0.9734003678029629
4.6000000000000005 0.9264788997646444
4.7 0.864134118088927
4.800000000000001 0.8263374400621326
4.9 0.7811400707918762
5.0 0.7621831544266724
5.1000000000000005 0.8215350360845595
5.2 0.7268192795710785
5.300000000000001 0.8049406579084512
5.4 0.879898219322715
5.5 0.9103246422248673
5.6000000000000005 0.9371323733739737
5.7 0.9183255087199947
5.800000000000001 0.965481115042381
5.9 1.0232683370024653
6.0 1.018998503065457
6.1000000000000005 1.0176111023769574
6.2 1.0973276042617925
6.300000000000001 1.0844473746642453
6.4 1.130503914119653
6.5 1.1233081892024086
6.6000000000000005 1.1268006558321277
6.7 1.108688302393579
6.800000000000001 1.085436110051586
6.9 1.0803088308971918
7.0 1.0780281498846445
7.1000000000000005 1.0818564997632385
7.2 1.0488205684819805
7.300000000000001 1.0441693686148037
7.4 1.0039911628519087
7.5 0.9582502211786325
7.6000000000000005 0.9842264380958979
7.7 0.9376803463511798
7.800000000000001 0.9009003621332805
7.9 0.9499681101995816
8.0 0.9361597094368489
8.1 0.8855424527310669
8.200000000000001 0.9464270705307252
8.3 0.9503643356483571
8.4 0.9546850191481243
8.5 0.9683175026899362
8.6 0.9583912941278522
8.700000000000001 0.9482745152888701
8.8 0.9828346749518098
8.9 1.0130208278942245
9.0 1.0449111986335193
9.1 0.9951750961602119
9.200000000000001 1.046485580331079
9.3 1.022177785070425
9.4 1.0413254133625536
9.5 1.0372568064648244
9.600000000000001 1.0769253740744242
9.700000000000001 1.037412578014791
9.8 1.0376252319333081
9.9 1.0273969534806457
