0.0 0.0
0.1 0.0
0.2 0.0
0.30000000000000004 0.0
0.4 0.0
0.5 0.0
0.6000000000000001 0.0
0.7000000000000001 0.0
0.8 0.0
0.9 0.032953008903095396
1.0 0.05395930762984201
1.1 0.02249437131672255
1.2000000000000002 0.17136969875191826
1.3 0.24488844824695205
1.4000000000000001 0.33966144200591514
1.5 0.2848767052607401
1.6 0.5574584284573826
1.7000000000000002 0.7482376896418843
1.8 0.834766776653291
1.9000000000000001 0.8531103680881111
2.0 0.7860899768548871
2.1 1.0430446985318629
2.2 0.9465258271566526
2.3000000000000003 1.1317777529723347
2.4000000000000004 1.0065762791704536
2.5 1.0390416446395279
2.6 0.9451586079927687
2.7 1.07840137641712
2.8000000000000003 0.9234414788716415
2.9000000000000004 1.0465956400988465
3.0 1.0142938501749252
3.1 0.9419225191803827
3.2 0.9919386005945334
3.3000000000000003 0.9548249327549707
3.4000000000000004 1.0128136354408388
3.5 1.001436798466351
3.6 1.0433910302099185
3.7 0.9694386250377801
3.8000000000000003 1.0542813900804806
3.9000000000000004 1.058811643680851
4.0 1.0162464196573373
4.1000000000000005 0.9523081560710484
4.2 0.9920686064714502
4.3 0.9595670075340318
4.4 1.0176383915879823
4.5 1.0409776459222233
4.6000000000000005 0.9856744312503497
4.7 0.9762736601310016
4.800000000000001 1.0389326773216092
4.9 1.0156035757107442
5.0 0.9687779757643769
5.1000000000000005 1.0179402701211686
5.2 1.0097712130742325
5.300000000000001 1.0285352851052432
5.4 1.0422484602455848
5.5 1.0446506775425495
5.6000000000000005 0.9930805747694348
5.7 1.0218622082325433
5.800000000000001 1.0324559311309065
5.9 1.0089745311445837
6.0 0.9856553756706575
6.1000000000000005 0.9696031540049587
6.2 0.9555894553779776
6.300000000000001 0.9515675057469111
6.4 1.006720890611615
6.5 0.9456881172840538
6.6000000000000005 1.0191016684168706
6.7 0.9937035403303673
6.800000000000001 0.9909124511400218
6.9 0.9854043471788989
7.0 1.0055607020312878
7.1000000000000005 1.0300345253397034
7.2 0.9955866951357029
7.300000000000001 1.003945429876608
7.4 0.9927284414737624
7.5 1.0036822480138048
7.6000000000000005 1.0259352587283856
7.7 1.0298624522821098
7.800000000000001 1.0158678078103427
7.9 1.0097826615111072
8.0 0.970151769543977
8.1 0.98906487508981
8.200000000000001 0.971793415304654
8.3 1.0033046670142134
8.4 1.0126331491313512
8.5 1.0057797441733147
8.6 1.0184648040545046
8.700000000000001 0.973546283839004
8.8 1.013619519758885
8.9 0.9881226637456871
9.0 1.0132912771444353
9.1 1.0122413357513838
9.200000000000001 1.0026500806230618
9.3 0.998002361106401
9.4 1.0109923107325944
9.5 1.0016806604910466
9.600000000000001 1.0024452279897282
9.700000000000001 0.9976445739677404
9.8 1.0124669619692244
9.9 0.9955256988511612
