0.0 0.0
0.1 0.0
0.2 0.0
0.30000000000000004 0.0
0.4 0.0
0.5 0.0
0.6000000000000001 0.0
0.7000000000000001 0.0
0.8 0.0
0.9 0.0
1.0 0.18885757670444703
1.1 0.1799549705337804
1.2000000000000002 0.26657508694742843
1.3 0.3428438275457329
1.4000000000000001 0.4670344827581333
1.5 0.582139354228469
1.6 0.7760695768720424
1.7000000000000002 0.6316292185288633
1.8 0.9304171364781473
1.9000000000000001 0.8609370687127728
2.0 0.7365167350712456
2.1 0.9335893906612354
2.2 1.0111952936083493
2.3000000000000003 1.0078211419325076
2.4000000000000004 0.9074062024048917
2.5 0.9795370570610528
2.6 0.949396987400808
2.7 1.102016005097787
2.8000000000000003 1.0553616901390188
2.9000000000000004 1.0192336625799225
3.0 1.0014951896048947
3.1 1.034914869800102
3.2 1.107476903504692
3.3000000000000003 0.9893047219933446
3.4000000000000004 1.0128136354408388
3.5 0.9730942475663599
3.6 0.9897692213768605
3.7 0.9842553725820257
3.8000000000000003 0.9940367392187388
3.9000000000000004 0.9958552756782059
4.0 0.9545457441781419
4.1000000000000005 0.992059676197426
4.2 0.9689972435302537
4.3 1.0350739196022836
4.4 1.0777647367335057
4.5 1.0136591717889052
4.6000000000000005 0.9526350648397235
4.7 1.0250873431375516
4.800000000000001 1.0174200640274955
4.9 1.022892596589051
5.0 0.9454339281555967
5.1000000000000005 0.9921270107906428
5.2 1.0648496428782814
5.300000000000001 0.9890162347169729
5.4 1.010179276853413
5.5 1.0079284520600176
5.6000000000000005 0.9781610543973118
5.7 1.0020551874562296
5.800000000000001 1.0028826357151939
5.9 0.9862726041938306
6.0 0.9514990012662288
6.1000000000000005 0.994787651511581
6.2 0.9853087446600678
6.300000000000001 0.9619026066627037
6.4 1.0088674170308296
6.5 0.9706659398975724
6.6000000000000005 1.0224672617735973
6.7 1.0080766355882689
6.800000000000001 1.0105784472894077
6.9 1.0260776973438817
7.0 0.9618406715081883
7.1000000000000005 0.996845170933619
7.2 1.0301320810306276
7.300000000000001 1.0116596099085908
7.4 0.9932647615393884
7.5 1.0026378336038009
7.6000000000000005 0.9837177939418432
7.7 1.022924014201287
7.800000000000001 1.029393389654703
7.9 1.0224991409237936
8.0 0.9889852082519802
8.1 0.9756204046536097
8.200000000000001 1.0177152463609045
8.3 1.025505451135379
8.4 0.9788648143929239
8.5 1.002929356234362
8.6 0.9969815620939798
8.700000000000001 0.9898757342867828
8.8 1.0086787421972556
8.9 0.9866362061845804
9.0 0.9805810135350383
9.1 0.9905529896042695
9.200000000000001 0.9943004616310586
9.3 1.007876830049453
9.4 1.0036590331737032
9.5 0.9905835140405105
9.600000000000001 0.984864077626388
9.700000000000001 1.0086042601224394
9.8 1.0351707665709584
9.9 0.9868062046600758
