0.0 0.0
0.1 0.0
0.2 0.0
0.30000000000000004 0.0
0.4 0.0
0.5 0.0
0.6000000000000001 0.0
0.7000000000000001 0.052841807175969535
0.8 0.0
0.9 0.09885902670928619
1.0 0.08093896144476302
1.1 0.2249437131672255
1.2000000000000002 0.2475340093083264
1.3 0.24488844824695205
1.4000000000000001 0.32550888192233535
1.5 0.5573674668144916
1.6 0.6776945600854455
1.7000000000000002 0.83569404297665
1.8 0.7652028785988501
1.9000000000000001 0.9783375780826963
2.0 0.920645918839057
2.1 0.8627653679214174
2.2 0.9230096575378538
2.3000000000000003 1.0401576491602886
2.4000000000000004 1.1404558828039622
2.5 0.9703825051259027
2.6 1.0087342991133585
2.7 0.9681997759073414
2.8000000000000003 1.0773483920169151
2.9000000000000004 0.9166262468839572
3.0 1.0014951896048947
3.1 0.9689202983925593
3.2 1.0962048739524815
3.3000000000000003 0.978695556073845
3.4000000000000004 0.9728012449049044
3.5 1.0510362625413354
3.6 1.0076431576545466
3.7 1.0710391796268923
3.8000000000000003 1.0884200255688008
3.9000000000000004 0.97868535713203
4.0 1.0579851118932637
4.1000000000000005 0.9747764065772618
4.2 0.973941107017653
4.3 0.932824976176526
4.4 0.9725436327288398
4.5 1.0251616872134601
4.6000000000000005 0.9374920219015198
4.7 0.9960629910796029
4.800000000000001 1.0047655856191935
4.9 1.003455207580233
5.0 0.9991252376557911
5.1000000000000005 0.9741699608215814
5.2 0.9978915517439473
5.300000000000001 1.0191755100132844
5.4 1.0783262915617782
5.5 0.979903595770717
5.6000000000000005 0.9576467138856428
5.7 1.0128590169705824
5.800000000000001 0.9907053964263711
5.9 1.0207459006746038
6.0 0.9929745987573207
6.1000000000000005 1.0050188536236464
6.2 0.9677819843142198
6.300000000000001 1.0194838831935487
6.4 0.9995658025475666
6.5 0.9803795375806075
6.6000000000000005 1.0291984484870509
6.7 0.9780238000490203
6.800000000000001 1.0239005737131852
6.9 1.0322403261567579
7.0 1.0175387925855617
7.1000000000000005 1.01547779095107
7.2 0.965005533851671
7.300000000000001 1.00559846845489
7.4 1.040460927314478
7.5 1.0015934191937967
7.6000000000000005 1.0432291599662464
7.7 0.9565132497134128
7.800000000000001 0.9781894012439105
7.9 1.0093116807921187
8.0 1.0105747599416426
8.1 0.9514203578684489
8.200000000000001 1.015528492501083
8.3 0.9738459342380514
8.4 1.005545967766496
8.5 1.0033365545113553
8.6 0.9953902108376447
8.700000000000001 1.019035467229245
8.8 1.0299620916935053
8.9 0.9944401083803907
9.0 0.9860327241366045
9.1 1.001219389348752
9.200000000000001 0.993952560839725
9.3 1.0364787400913968
9.4 1.0173255958970915
9.5 1.0000487271894973
9.600000000000001 0.9944537960063917
9.700000000000001 0.9960789045170692
9.8 0.9977401697951265
9.9 1.0012384709073896
