0.0 0.0
0.1 0.0
0.2 0.0
0.30000000000000004 0.0
0.4 0.0
0.5 0.0
0.6000000000000001 0.0
0.7000000000000001 0.0
0.8 0.0
0.9 0.09885902670928619
1.0 0.10791861525968402
1.1 0.1799549705337804
1.2000000000000002 0.28561616458653044
1.3 0.4081474137449201
1.4000000000000001 0.3962716823402343
1.5 0.6936128475913672
1.6 0.6230417729817805
1.7000000000000002 0.6413465911216151
1.8 0.834766776653291
1.9000000000000001 0.9000705718360805
2.0 0.8639907853720381
2.1 1.0366061510100613
2.2 1.0641066752506467
2.3000000000000003 0.9431481274769457
2.4000000000000004 1.0115347830087318
2.5 0.9063006415798526
2.6 1.1146937843143416
2.7 0.9839428616944527
2.8000000000000003 0.9637504323144512
2.9000000000000004 1.0329146513393845
3.0 1.052689831885017
3.1 1.1009094412076448
3.2 0.9524864971617962
3.3000000000000003 0.941563475355596
3.4000000000000004 0.9677996960879126
3.5 1.001436798466351
3.6 1.0679676925917367
3.7 0.9588552339347476
3.8000000000000003 0.9860041191038399
3.9000000000000004 0.9844086633140886
4.0 0.9363984866842608
4.1000000000000005 0.9523081560710484
4.2 1.0497470138244416
4.3 1.0272086162618406
4.4 1.0056131225588778
4.5 1.0452910892064313
4.6000000000000005 0.9581416259081612
4.7 1.0475152515459665
4.800000000000001 0.9693330460759473
4.9 0.9742991240670058
5.0 1.0504821423951074
5.1000000000000005 1.0134510076289032
5.2 0.9687323830241567
5.300000000000001 1.0222954350439373
5.4 0.9761057694992304
5.5 1.010827575124428
5.6000000000000005 1.0052026850717848
5.7 1.0002545492038375
5.800000000000001 1.0289767199055286
5.9 0.9787052952102461
6.0 0.997040833805467
6.1000000000000005 0.9727512161932865
6.2 1.0455093562827633
6.300000000000001 1.0453216354830301
6.4 1.024608610771736
6.5 1.040742608896611
6.6000000000000005 0.9941962775770924
6.7 1.0035033780062093
6.800000000000001 0.9566555546217368
6.9 0.9736953524344342
7.0 1.0271212650289807
7.1000000000000005 0.9275551152437238
7.2 0.9808624322952431
7.300000000000001 1.0111085970491633
7.4 1.014717564164429
7.5 1.0052488696288107
7.6000000000000005 0.9888042354823905
7.7 0.983275796596586
7.800000000000001 0.9907488700993878
7.9 1.0356866010554686
8.0 1.0110341121052524
8.1 1.0168501139912909
8.200000000000001 1.021651403308583
8.3 1.0199552551050877
8.4 1.0276412979039853
8.5 0.9780902613377741
8.6 1.0053361561897394
8.700000000000001 1.014758706397684
8.8 0.9896757515756043
8.9 0.9977846378928807
9.0 1.0172891982522507
9.1 0.9493095772589375
9.200000000000001 1.0033458822057288
9.3 1.0242207786448496
9.4 0.9953257632204178
9.5 1.0003751138498072
9.600000000000001 0.988380307699056
9.700000000000001 0.9694625238556573
9.8 0.966138928254875
9.9 1.0192788037165317
