0.0 0.0
0.1 0.0
0.2 0.0
0.30000000000000004 0.0
0.4 0.0
0.5 0.0
0.6000000000000001 0.0
0.7000000000000001 0.0
0.8 0.04115329683289793
0.9 0.06590601780619079
1.0 0.08093896144476302
1.1 0.11247185658361275
1.2000000000000002 0.1904107763910203
1.3 0.3428438275457329
1.4000000000000001 0.32550888192233535
1.5 0.4582799171585819
1.6 0.6011806581403145
1.7000000000000002 0.6802160814926221
1.8 0.7130299550580194
1.9000000000000001 0.8139768649648033
2.0 0.8498270020052834
2.1 1.0687988886190694
2.2 1.0523485904412473
2.3000000000000003 0.932369291734352
2.4000000000000004 1.185082417348465
2.5 0.9886916089962028
2.6 1.0511180931937518
2.7 1.0508509762896754
2.8000000000000003 1.0883417429558633
2.9000000000000004 1.022653909769788
3.0 0.9790975336073411
3.1 0.9449222724261802
3.2 0.9722125488781648
3.3000000000000003 0.9893047219933446
3.4000000000000004 1.0028105378068553
3.5 0.9801798852913577
3.6 1.0746704186958689
3.7 1.0054221547880908
3.8000000000000003 1.050265080023031
3.9000000000000004 0.9748698196773242
4.0 1.0144316939079492
4.1000000000000005 1.0214412345517052
4.2 1.0019563334462487
4.3 0.9406902795169689
4.4 0.9875752190152207
4.5 0.9762759966591016
4.6000000000000005 0.9526350648397235
4.7 1.0264066318674585
4.800000000000001 0.9554131198268149
4.9 1.03261129109346
5.0 0.9746139876665719
5.1000000000000005 1.0134510076289032
5.2 1.0086912438623883
5.300000000000001 1.0212554600337196
5.4 1.0402441362835742
5.5 0.9712062265774858
5.6000000000000005 1.0415690159788344
5.7 0.9912513579418767
5.800000000000001 0.9611321010106586
5.9 1.0493335123903669
6.0 0.9832156346417698
6.1000000000000005 0.9758992783816143
6.2 1.0912313397936715
6.300000000000001 1.0460598569770154
6.4 1.0002813113539715
6.5 0.9748289103331589
6.6000000000000005 0.9726564800940409
6.7 0.9923968953069218
6.800000000000001 0.9725152289357577
6.9 1.0143687025994168
7.0 0.991785897893873
7.1000000000000005 0.9851997834227123
7.2 0.9672708050578955
7.300000000000001 1.0111085970491633
7.4 1.0179354845581852
7.5 0.998982383168787
7.6000000000000005 0.9923647445607736
7.7 1.0179679870006995
7.800000000000001 1.0187661467769913
7.9 1.0262669866757008
8.0 1.0101154077780328
8.1 0.9697944674645894
8.200000000000001 0.9809777815159041
8.3 0.9742728723942277
8.4 1.0151345072601234
8.5 0.9988573734644296
8.6 0.9762939957616227
8.700000000000001 1.014369909958451
8.8 1.0067784431350906
8.9 1.0137640566747779
9.0 1.0002071717006766
9.1 1.0243299221284639
9.200000000000001 1.016218211485067
9.3 0.9745079350005184
9.4 0.9933257784316293
9.5 1.001027887170427
9.600000000000001 1.0149118618837332
9.700000000000001 0.9957657706269348
9.8 0.9928312390704273
9.9 0.9816947770308189
