0.0 0.0
0.1 0.0
0.2 0.0
0.30000000000000004 0.0
0.4 0.0
0.5 0.0
0.6000000000000001 0.0
0.7000000000000001 0.0
0.8 0.0
0.9 0.032953008903095396
1.0 0.08093896144476302
1.1 0.38240431238428335
1.2000000000000002 0.7045198726467751
1.3 0.8652725171392306
1.4000000000000001 1.103899686519224
1.5 0.8794020031961978
1.6 0.6886251175061785
1.7000000000000002 0.6024771007506081
1.8 0.4869472863810864
1.9000000000000001 0.5713491456002946
2.0 0.4957324178364153
2.1 0.6052234670493526
2.2 0.5996623252793699
2.3000000000000003 0.6305618909417293
2.4000000000000004 0.7140245527120459
2.5 0.6682822912659518
2.6 0.8985364345043362
2.7 0.9406493757798967
2.8000000000000003 0.9087836776197107
2.9000000000000004 0.9884514378711329
3.0 1.1614784467302772
3.1 1.0589128957664813
3.2 1.0539347631316918
3.3000000000000003 1.0980486726682162
3.4000000000000004 1.1378523558656337
3.5 1.188025258557959
3.6 1.2489412974033072
3.7 1.19380651642207
3.8000000000000003 1.1466565214018178
3.9000000000000004 1.1293990865929078
4.0 1.1124268843749068
4.1000000000000005 1.0940309669563948
4.2 1.0513949683202413
4.3 1.025635555593752
4.4 0.9710404741002018
4.5 1.0294751304976684
4.6000000000000005 0.9361153816344103
4.7 0.973635082671188
4.800000000000001 0.9187151324427386
4.9 0.9305649987971651
5.0 0.9967908328949131
5.1000000000000005 0.9146872327990655
5.2 0.8877346921358492
5.300000000000001 0.9245377840834794
5.4 0.9550603678981177
5.5 0.9470468677073991
5.6000000000000005 0.8951712223273779
5.7 0.9732449754179552
5.800000000000001 0.9785281571375484
5.9 0.9913174768495534
6.0 1.0124925269884228
6.1000000000000005 1.0160370712827935
6.2 1.0363649595805817
6.300000000000001 1.017269218711593
6.4 1.0446428573510718
6.5 1.0296413544017138
6.6000000000000005 1.0830479421946795
6.7 1.0283296334516754
6.800000000000001 1.0200942518778202
6.9 1.0131361768368417
7.0 1.0510774461375283
7.1000000000000005 1.0084905584445258
7.2 0.9899235171201414
7.300000000000001 1.0033944170171807
7.4 0.984147320423746
7.5 1.0115153560888344
7.6000000000000005 0.9715103342445297
7.7 1.0328360686024622
7.800000000000001 1.0356731240824415
7.9 1.0060148157592
8.0 0.9439686962182162
8.1 0.9711389145082094
8.200000000000001 0.9639211014092968
8.3 1.0109895538253861
8.4 0.9721945260495309
8.5 0.9886774165395984
8.6 0.9731112932489524
8.700000000000001 0.9937636986791111
8.8 0.9889156319507383
8.9 0.9855213630137504
9.0 1.0027513033147408
9.1 1.0090414158280392
9.200000000000001 0.983515537099721
9.3 1.0480557036798028
9.4 1.011325641530726
9.5 1.0251805000333587
9.600000000000001 1.0583852518730836
9.700000000000001 0.9860586200327729
9.8 0.9603095730192945
9.9 0.9877082213005329
