0.0 0.0
0.1 0.0
0.2 0.0
0.30000000000000004 0.0
0.4 0.0
0.5 0.0
0.6000000000000001 0.0
0.7000000000000001 0.0
0.8 0.0
0.9 0.0
1.0 0.08093896144476302
1.1 0.02249437131672255
1.2000000000000002 0.1904107763910203
1.3 0.22856255169715525
1.4000000000000001 0.31135632183875556
1.5 0.4458939734515932
1.6 0.45908341167078565
1.7000000000000002 0.7773898074201395
1.8 0.8956351874509269
1.9000000000000001 0.6965763555948797
2.0 0.9135640271556796
2.1 0.9722206757920451
2.2 0.9759210391801512
2.3000000000000003 0.9916528883186171
2.4000000000000004 1.0462443098766785
2.5 0.9474961252880277
2.6 1.0680716108259092
2.7 1.121694862331676
2.8000000000000003 0.9564215316884859
2.9000000000000004 0.9987121794407294
3.0 1.1102838044501548
3.1 0.9959180776047359
3.2 1.0482987483555863
3.3000000000000003 0.9919570134732195
3.4000000000000004 0.9728012449049044
3.5 0.9565610928746985
3.6 0.9718952850991746
3.7 1.0202389023323362
3.8000000000000003 1.0482569249943063
3.9000000000000004 1.0569038749534982
4.0 0.9890255334165158
4.1000000000000005 1.0197129075896887
4.2 0.9970124699588495
4.3 1.0099049489128662
4.4 0.9830657431293064
4.5 0.9216390483924656
4.6000000000000005 1.0517531640716022
4.7 1.0791781810637286
4.800000000000001 0.9997037942558725
4.9 0.9779436345061592
5.0 0.9781155948078889
5.1000000000000005 1.015695638875036
5.2 0.9870918596255063
5.300000000000001 0.9151780089915207
5.4 1.0091771148724076
5.5 0.979903595770717
5.6000000000000005 1.0266494956067116
5.7 1.0353669951254842
5.800000000000001 1.0054920441342274
5.9 1.004770470598148
6.0 1.0076130449306473
6.1000000000000005 1.025481257847777
6.2 1.0340788604050364
6.300000000000001 0.9980754598679781
6.4 0.9988502937411617
6.5 1.01437712947123
6.6000000000000005 1.0049661763186182
6.7 0.9858636701896939
6.800000000000001 0.9959875469205085
6.9 1.007589810905253
7.0 0.9941815160047277
7.1000000000000005 0.9735543959118055
7.2 1.0148415003886118
7.300000000000001 1.0193737899405735
7.4 0.9664487582580874
7.5 0.9995045903737889
7.6000000000000005 1.0167796639554005
7.7 0.9545308388331777
7.800000000000001 0.9941302655604779
7.9 1.0201442373288516
8.0 1.0114934642688622
8.1 0.9962352593224503
8.200000000000001 1.0496418527142977
8.3 0.9674418618954075
8.4 0.9967912143157927
8.5 0.9825694423846998
8.6 1.0152821015418343
8.700000000000001 1.002706016781466
8.8 1.0216007758199785
8.9 0.9988994810637107
9.0 1.0042050928084918
9.1 0.9809532298342354
9.200000000000001 1.005085386162396
9.3 0.9642929671283955
9.4 0.9736592613418755
9.5 1.0055973004147654
9.600000000000001 1.0123546036490654
9.700000000000001 1.0305236324318374
9.8 1.010626112947462
9.9 0.9907149434353899
