0.0 0.0
0.1 0.0
0.2 0.0
0.30000000000000004 0.0
0.4 0.0
0.5 0.0
0.6000000000000001 0.0
0.7000000000000001 0.0
0.8 0.0
0.9 0.0
1.0 0.026979653814921005
1.1 0.0
1.2000000000000002 0.15232862111281623
1.3 0.19591075859756163
1.4000000000000001 0.3679665621730747
1.5 0.6440690727634124
1.6 0.7104862323476444
1.7000000000000002 0.7385203170491326
1.8 0.8434622639100962
1.9000000000000001 0.9235506737100653
2.0 0.8214994352717739
2.1 1.0366061510100613
2.2 1.0405905056318479
2.3000000000000003 0.8784751130213837
2.4000000000000004 1.0462443098766785
2.5 1.0207325407692278
2.6 0.9578737462168867
2.7 0.9918144045880083
2.8000000000000003 1.004059385757261
2.9000000000000004 0.8858440221751676
3.0 0.8895069096171269
3.1 1.1969015450731615
3.2 1.0144826596989547
3.3000000000000003 1.0290890941914683
3.4000000000000004 1.0603283492022608
3.5 0.9919892814996873
3.6 0.9182734762661167
3.7 1.0329389716559754
3.8000000000000003 1.050265080023031
3.9000000000000004 0.9920397382235001
4.0 0.9563604699275299
4.1000000000000005 1.0802043512602635
4.2 1.086002012732036
4.3 0.9831629175553604
4.4 0.9845689017579445
4.5 0.9762759966591016
4.6000000000000005 1.0049473949898817
4.7 0.9841893925104421
4.800000000000001 0.9946420028925517
4.9 1.060552537793636
5.0 1.0142988686014982
5.1000000000000005 0.9472343858679892
5.2 0.983851951989974
5.300000000000001 0.9307776341447852
5.4 1.0823349394857997
5.5 0.963475231739058
5.6000000000000005 1.0061351550950424
5.7 1.0164602934753668
5.800000000000001 0.9880959880073377
5.9 1.0022480342702864
6.0 1.0165587620365693
6.1000000000000005 0.9963616826057449
6.2 1.0622740835700963
6.300000000000001 1.0615625083507045
6.4 0.9924107144835181
6.5 0.9845425080161939
6.6000000000000005 0.9820801414928759
6.7 0.972797219955238
6.800000000000001 0.9877405162772177
6.9 1.007589810905253
7.0 1.0223300288072712
7.1000000000000005 0.986364322173803
7.2 1.0069130511668258
7.300000000000001 1.0248839185348468
7.4 1.0050638029831607
7.5 0.9822717526087236
7.6000000000000005 0.9903301679445546
7.7 0.9703901258750581
7.800000000000001 0.9955794350438023
7.9 1.0069567771971768
8.0 1.004143829651105
8.1 0.9989241534096903
8.200000000000001 0.968731959900904
8.3 0.9904965223289256
8.4 1.0301426560327578
8.5 1.029397244238923
8.6 0.9941966973953933
8.700000000000001 0.9976516630714394
8.8 1.0086787421972556
8.9 1.0096762983817344
9.0 1.0042050928084918
9.1 1.0125968824095333
9.200000000000001 0.9925609576743912
9.3 1.0283067657936986
9.4 1.0003257251923892
9.5 0.998090407227638
9.600000000000001 1.0027648852690616
9.700000000000001 1.0101699295731106
9.8 0.9906835818783714
9.9 1.0051472096827037
