0.0 0.0
0.1 0.0
0.2 0.0
0.30000000000000004 0.0
0.4 0.0
0.5 0.0
0.6000000000000001 0.0
0.7000000000000001 0.0
0.8 0.0
0.9 0.0
1.0 0.05395930762984201
1.1 0.15746059921705785
1.2000000000000002 0.4379447856993467
1.3 0.7673171378404497
1.4000000000000001 0.7217805642625696
1.5 0.743156622419322
1.6 0.7979306917135084
1.7000000000000002 0.6996508266781256
1.8 0.6260750824899682
1.9000000000000001 0.6809229543455566
2.0 0.6586159265540946
2.1 0.6438547521801623
2.2 0.658452749326367
2.3000000000000003 0.7760761734667438
2.4000000000000004 0.7983191179627736
2.5 0.8834142617419775
2.6 0.8603910198319823
2.7 0.8068331465894512
2.8000000000000003 0.9344348298105896
2.9000000000000004 1.2210282467819877
3.0 0.8575102581920504
3.1 1.1189079606824293
3.2 1.0370267188033757
3.3000000000000003 1.1298761704267153
3.4000000000000004 1.0703314468362444
3.5 1.0675694172329968
3.6 1.1484004058413235
3.7 1.1599396648923657
3.8000000000000003 1.1988685521486608
3.9000000000000004 1.093151480773203
4.0 1.0507262088957112
4.1000000000000005 1.0145279267036396
4.2 1.0579867863034402
4.3 1.1310306203556866
4.4 0.9499962532992686
4.5 0.9374550071012286
4.6000000000000005 1.0214670781951949
4.7 1.00134014599923
4.800000000000001 0.9630058068717962
4.9 0.9123424466013982
5.0 0.9337619043512067
5.1000000000000005 0.9146872327990655
5.2 0.9384932450925219
5.300000000000001 1.0056558348804552
5.4 0.9690906356321929
5.5 0.9750717239966996
5.6000000000000005 0.9958779848392079
5.7 0.9948526344466609
5.800000000000001 0.965481115042381
5.9 0.9955215373959891
6.0 0.9693904354780724
6.1000000000000005 1.0081669158119742
6.2 1.0119799017080975
6.300000000000001 1.0157927757236227
6.4 1.016022505094878
6.5 1.0206215851246097
6.6000000000000005 1.0258328551303242
6.7 1.0368228261040717
6.800000000000001 1.0365883131644018
6.9 1.0377866920883463
7.0 1.0259234559735533
7.1000000000000005 0.9770480121650775
7.2 1.0018161909528205
7.300000000000001 0.9984353012823347
7.4 1.013644924033177
7.5 1.0026378336038009
7.6000000000000005 1.0442464482743559
7.7 0.9793109748361158
7.800000000000001 0.9888166441216222
7.9 0.9485551680426164
8.0 0.9990909558513967
8.1 1.0155056669476707
8.200000000000001 0.985351289235547
8.3 0.9939120275783356
8.4 1.0009601445304133
8.5 0.9809406492767268
8.6 0.9603804831982711
8.700000000000001 0.9649927621758817
8.8 1.0292019720686392
8.9 0.9992710954539874
9.0 1.0114740402772466
9.1 0.9905529896042695
9.200000000000001 0.9883861481783895
9.3 1.0027693461133915
9.4 0.9529927518577276
9.5 1.015062513563752
9.600000000000001 1.012674260928399
9.700000000000001 1.0499379336201613
9.8 1.054192873129168
9.9 1.0243902313457887
