0.0 0.0
0.1 0.0
0.2 0.0
0.30000000000000004 0.0
0.4 0.0
0.5 0.0
0.6000000000000001 0.0
0.7000000000000001 0.0
0.8 0.0
0.9 0.06590601780619079
1.0 0.21583723051936804
1.1 1.0122467092525147
1.2000000000000002 1.6946559098800806
1.3 1.5346342756808995
1.4000000000000001 1.599239289444517
1.5 0.95371766543813
1.6 0.5028056413537176
1.7000000000000002 0.22349956963329012
1.8 0.11304133433846648
1.9000000000000001 0.09392040749593884
2.0 0.22662053386807557
2.1 0.14808659300143734
2.2 0.36450062909138176
2.3000000000000003 0.5604994586148706
2.4000000000000004 0.5900619567550935
2.5 0.6774368432011019
2.6 0.7925769493033532
2.7 0.873741261184674
2.8000000000000003 0.9454281807495377
2.9000000000000004 1.0910588535670982
3.0 1.1006848090226318
3.1 1.1759032723525797
3.2 1.1469290069374292
3.3000000000000003 1.2200540807424625
3.4000000000000004 1.2578895274734367
3.5 1.2801385489829298
3.6 1.224364635021489
3.7 1.2086232639663155
3.8000000000000003 1.2791947532976498
3.9000000000000004 1.1866321484134945
4.0 1.174127559854102
4.1000000000000005 1.209828873411495
4.2 1.1370886021018285
4.3 1.0618159509597893
4.4 1.029663660617087
4.5 0.9331415638170205
4.6000000000000005 0.9044526554908935
4.7 0.8694112730085541
4.800000000000001 0.8668317709686996
4.9 0.891690220779529
5.0 0.8835722019923292
5.1000000000000005 0.8518375579073506
5.2 0.9104140455845753
5.300000000000001 0.8039006828982335
5.4 0.8738852474366827
5.5 0.8919635294836014
5.6000000000000005 0.9324700232576852
5.7 0.9372322103701123
5.800000000000001 1.0394143535816625
5.9 1.0022480342702864
6.0 1.066980076633583
6.1000000000000005 1.0018707914353187
6.2 1.0637981496871265
6.300000000000001 1.0453216354830301
6.4 1.0932974561866011
6.5 1.0671080883219917
6.6000000000000005 1.0366027538718499
6.7 1.0917019170887863
6.800000000000001 1.0391258610546452
6.9 1.1068081347925594
7.0 1.0486818280266736
7.1000000000000005 1.025958639710886
7.2 1.0454226616726436
7.300000000000001 1.0078025198925995
7.4 0.9798567598987379
7.5 0.996893554348779
7.6000000000000005 0.9872783030202263
7.7 0.9634516877942355
7.800000000000001 0.9240870738664695
7.9 0.9556198788274423
8.0 0.975663995507295
8.1 0.9680018714064293
8.200000000000001 0.9630463998653682
8.3 0.9627455421774687
8.4 0.9759465632426896
8.5 0.979719054445747
8.6 0.9711221041785334
8.700000000000001 0.959938408465855
8.8 0.9870153328885731
8.9 0.9818052191109836
9.0 1.0147450666381865
9.1 1.0189967222562228
9.200000000000001 1.0266552352250713
9.3 1.0650806501333407
9.4 1.0116589723288574
9.5 1.053249752820009
9.600000000000001 1.0420827306270772
9.700000000000001 1.0139275362547218
9.8 1.00050144332777
9.9 1.018076114862589
