0.0 0.0
0.1 0.0
0.2 0.0
0.30000000000000004 0.0
0.4 0.0
0.5 0.0
0.6000000000000001 0.0
0.7000000000000001 0.0
0.8 0.04115329683289793
0.9 0.032953008903095396
1.0 0.08093896144476302
1.1 0.47238179765117355
1.2000000000000002 0.7235609502858771
1.3 1.2244422412347602
1.4000000000000001 1.4435611285251393
1.5 1.0032614402660847
1.6 0.6886251175061785
1.7000000000000002 0.49558600223033894
1.8 0.4173833883266455
1.9000000000000001 0.3522015281097707
2.0 0.43199539268601905
2.1 0.36699720874269254
2.2 0.4174120107336791
2.3000000000000003 0.5173841156444959
2.4000000000000004 0.5702279414019811
2.5 0.8559506059365274
2.6 0.8180072257515891
2.7 0.9406493757798967
2.8000000000000003 0.9894015845053301
2.9000000000000004 1.0671171232380396
3.0 1.1070841393076472
3.1 1.079911168487063
3.2 1.0229366818631125
3.3000000000000003 1.172312834104714
3.4000000000000004 1.2078740393035188
3.5 1.2588816358079364
3.6 1.1752113102578525
3.7 1.1641730213335788
3.8000000000000003 1.2209582574646327
3.9000000000000004 1.1007825556826145
4.0 1.1723128341047142
4.1000000000000005 1.1113142365765591
4.2 1.046451104832842
4.3 1.0649620722959665
4.4 1.0071162811875158
4.5 0.9834650687994485
4.6000000000000005 0.9567649856410517
4.7 0.9327371320440785
4.800000000000001 0.9111224453977572
4.9 0.9414985301146254
5.0 0.9209226781663775
5.1000000000000005 0.8922409203377387
5.2 0.9460530295754306
5.300000000000001 0.948457209318485
5.4 0.9280019944109726
5.5 0.948979616417006
5.6000000000000005 0.9259427330948815
5.7 0.9237274234771712
5.800000000000001 0.9828771711692708
5.9 0.9635706772430773
6.0 1.0311972082098957
6.1000000000000005 0.9908525737761713
6.2 1.0523676538093996
6.300000000000001 0.9980754598679781
6.4 1.016022505094878
6.5 1.0303351828076448
6.6000000000000005 1.0742973994671898
6.7 1.0753688542957165
6.800000000000001 1.0448353438076927
6.9 1.0501119497140987
7.0 1.0157420790024205
7.1000000000000005 1.022465023457614
7.2 1.046555297275756
7.300000000000001 1.0425163300365217
7.4 1.012035963836299
7.5 1.0271815722388937
7.6000000000000005 0.9603201628553257
7.7 0.9654340986744705
7.800000000000001 0.9535535200273972
7.9 0.9608006667363146
8.0 1.043188763557941
8.1 0.9783092987408497
8.200000000000001 0.9770416245682255
8.3 0.9789691921121666
8.4 0.9817830655431584
8.5 0.9931565975865242
8.6 0.9651545369672766
8.700000000000001 0.9789894339882635
8.8 0.9683924020793547
8.9 1.0256557171636316
9.0 0.9773099871740986
9.1 1.0172189889654757
9.200000000000001 1.0489208858704133
9.3 0.9942568728866226
9.4 1.0326588126111367
9.5 0.9971112472467083
9.600000000000001 0.9794299038777191
9.700000000000001 1.0161194734856616
9.8 0.9756499815339797
9.9 1.002741831974818
