0.0 0.0
0.1 0.0
0.2 0.0
0.30000000000000004 0.0
0.4 0.0
0.5 0.0
0.6000000000000001 0.0
0.7000000000000001 0.0
0.8 0.04115329683289793
0.9 0.032953008903095396
1.0 0.10791861525968402
1.1 0.11247185658361275
1.2000000000000002 0.2475340093083264
1.3 0.35916972409552966
1.4000000000000001 0.4811870428417131
1.5 0.5078236919865368
1.6 0.7214167897683774
1.7000000000000002 0.7773898074201395
1.8 0.8521577511669012
1.9000000000000001 0.8844171705867574
2.0 0.9277278105224344
2.1 0.9529050332266402
2.2 0.8759773183002562
2.3000000000000003 1.0778835742593664
2.4000000000000004 1.0164932868470098
2.5 1.057350748509828
2.6 1.1019786460902237
2.7 0.8343835467168959
2.8000000000000003 1.1323151467116557
2.9000000000000004 1.1150005838961567
3.0 0.9662988730373105
3.1 0.980919311375749
3.2 0.9524864971617962
3.3000000000000003 0.9336066009159714
3.4000000000000004 1.0703314468362444
3.5 0.9754561268080258
3.6 1.092544354973555
3.7 0.9821386943614191
3.8000000000000003 1.0442406149368568
3.9000000000000004 1.026379575315852
4.0 0.9545457441781419
4.1000000000000005 0.9419381942989498
4.2 1.0151399694126468
4.3 0.9658592502063861
4.4 1.0191415502166203
4.5 0.9475197080977142
4.6000000000000005 1.0049473949898817
4.7 0.9723157939412813
4.800000000000001 0.961740359030966
4.9 1.0180332493368465
5.0 0.989787618612279
5.1000000000000005 1.0100840607597041
5.2 1.0421702894295553
5.300000000000001 1.0243753850643726
5.4 0.945038748088064
5.5 0.979903595770717
5.6000000000000005 0.9912156347229194
5.7 1.0317657186206999
5.800000000000001 1.0150598750040167
5.9 1.0022480342702864
6.0 1.0612873475661782
6.1000000000000005 1.0176111023769574
6.2 0.9997873727718554
6.300000000000001 1.0320336485912969
6.4 1.0088674170308296
6.5 0.967196797867917
6.6000000000000005 0.9921769215630563
6.7 0.9675706398614556
6.800000000000001 0.9972563208656302
6.9 0.972462826671859
7.0 0.9899891843107318
7.1000000000000005 0.9560863146454454
7.2 1.0284331276259593
7.300000000000001 1.0138636613463001
7.4 0.9900468411456322
7.5 0.9901048606837533
7.6000000000000005 0.9938906770229378
7.7 1.0368008903629324
7.800000000000001 1.0076558474048383
7.9 1.016847372295933
8.0 0.9802575171433934
8.1 0.9939945142497502
8.200000000000001 0.9954103569907257
8.3 1.005866295951271
8.4 0.9934560701440962
8.5 1.0322476321778757
8.6 0.9854442654855499
8.700000000000001 0.9638263728581833
8.8 1.0067784431350906
8.9 1.014878899845608
9.0 1.0045685401819295
9.1 1.0065525892209932
9.200000000000001 0.9741222157337173
9.3 0.9959593675319763
9.4 1.01699226509896
9.5 1.0392151264266838
9.600000000000001 1.0229032938670697
9.700000000000001 0.9973314400776062
9.8 1.0109329211177558
9.9 0.9723739384127621
