0.0 0.0
0.1 0.0
0.2 0.0
0.30000000000000004 0.0
0.4 0.0
0.5 0.0
0.6000000000000001 0.0
0.7000000000000001 0.0
0.8 0.0
0.9 0.032953008903095396
1.0 0.10791861525968402
1.1 0.11247185658361275
1.2000000000000002 0.22849293166922435
1.3 0.4244733102947169
1.4000000000000001 0.4387293625909737
1.5 0.4335080297446045
1.6 0.6230417729817805
1.7000000000000002 0.6121944733433599
1.8 0.834766776653291
1.9000000000000001 0.8609370687127728
2.0 0.7790080851715098
2.1 0.8048184402252029
2.2 0.9053725303237546
2.3000000000000003 0.9539269632195393
2.4000000000000004 0.8627796678603888
2.5 0.9749597810934778
2.6 0.9112515727284541
2.7 0.9406493757798967
2.8000000000000003 1.216597503910258
2.9000000000000004 0.9474084715927468
3.0 1.0366915061724788
3.1 1.0919101814702525
3.2 0.9665765341020595
3.3000000000000003 1.0158276367920938
3.4000000000000004 0.9978089889898634
3.5 0.9211329042497096
3.6 1.072436176661158
3.7 1.123956135142055
3.8000000000000003 1.0522732350517559
3.9000000000000004 1.0073018880423232
4.0 1.0343936771512183
4.1000000000000005 1.045637812019935
4.2 1.0085481514294479
4.3 1.003612706240512
4.4 1.0146320743307062
4.5 0.9561465946661304
4.6000000000000005 1.0668962070098058
4.7 1.0382802304366192
4.800000000000001 0.9592094633493056
4.9 1.0253222702151532
5.0 0.9757811900470109
5.1000000000000005 1.0572213169284905
5.2 0.9773721367189094
5.300000000000001 0.8870986837156445
5.4 1.0121836008154237
5.5 1.0079284520600176
5.6000000000000005 1.039704075932319
5.7 1.0146596552229745
5.800000000000001 1.0298465227118732
5.9 0.999725597942425
6.0 0.9376738021025315
6.1000000000000005 0.9829824183053518
6.2 0.9959772074792798
6.300000000000001 1.0091487822777558
6.4 0.9995658025475666
6.5 0.9595646854026753
6.6000000000000005 0.9894844468776749
6.7 1.0185297957758335
6.800000000000001 1.028341282521111
6.9 0.9952645532795008
7.0 0.984000139033595
7.1000000000000005 1.029452255964158
7.2 1.0035151443574888
7.300000000000001 0.9802518769212326
7.4 1.0206170848863154
7.5 1.0679137342290481
7.6000000000000005 0.9877869471742811
7.7 0.9768329612358221
7.800000000000001 1.0057236214270724
7.9 0.961271647455303
8.0 0.949940274345144
8.1 0.9747241066245296
8.200000000000001 1.026024911028226
8.3 0.9947659038906882
8.4 1.0209710095605924
8.5 0.9915278044785512
8.6 0.9874334545559689
8.700000000000001 1.0100931491268899
8.8 1.0071585029475236
8.9 0.9918388076484539
9.0 1.0140181718913108
9.1 1.0026415759813496
9.200000000000001 1.013087104363066
9.3 1.0068553332622407
9.4 1.0049923563662289
9.5 0.9931946073229896
9.600000000000001 1.035050270481741
9.700000000000001 0.9907556283847868
9.8 0.9762635978745672
9.9 0.9862048602331044
