0.0 0.0
0.1 0.0
0.2 0.0
0.30000000000000004 0.0
0.4 0.0
0.5 0.0
0.6000000000000001 0.0
0.7000000000000001 0.052841807175969535
0.8 0.04115329683289793
0.9 0.09885902670928619
1.0 0.18885757670444703
1.1 0.2249437131672255
1.2000000000000002 0.36178047514293854
1.3 0.35916972409552966
1.4000000000000001 0.5377972831760323
1.5 0.5945252979354576
1.6 0.6011806581403145
1.7000000000000002 0.7288029444563808
1.8 0.7130299550580194
1.9000000000000001 0.8687637693374343
2.0 1.0056286190395853
2.1 1.0108519609228548
2.2 0.7348803005874632
2.3000000000000003 0.9808740525760234
2.4000000000000004 1.026410294523566
2.5 1.1214326120558782
2.6 1.161315957802774
2.7 1.0311721190557863
2.8000000000000003 0.9674148826274339
2.9000000000000004 0.9645097075420743
3.0 0.9694985381798181
3.1 1.0529133892748865
3.2 1.025754689251165
3.3000000000000003 0.9946093049530944
3.4000000000000004 0.9227857567349864
3.5 1.0061605569496828
3.6 1.0344540620710754
3.7 1.0138888676705167
3.8000000000000003 1.0643221652241042
3.9000000000000004 0.9844086633140886
4.0 0.8910303429495583
4.1000000000000005 1.000701311007508
4.2 1.041507241345443
4.3 0.9768706748830062
4.4 1.0131289157020682
4.5 0.9734003678029629
4.6000000000000005 1.05725972514004
4.7 0.9617614841020272
4.800000000000001 0.9528822241451544
4.9 0.9718694504409036
5.0 1.002626844797108
5.1000000000000005 1.0179402701211686
5.2 1.0086912438623883
5.300000000000001 1.088853835697866
5.4 0.9680884736511874
5.5 1.0050293289956072
5.6000000000000005 1.0238520855369384
5.7 1.0164602934753668
5.800000000000001 1.006361846940572
5.9 1.0232683370024653
6.0 0.9514990012662288
6.1000000000000005 0.9751122628345323
6.2 0.9700680834897651
6.300000000000001 1.0467980784710007
6.4 1.0031433465795907
6.5 1.0005005613526086
6.6000000000000005 1.0090048883466902
6.7 0.9558108346504454
6.800000000000001 0.9680745201278318
6.9 0.9971133419233636
7.0 0.991785897893873
7.1000000000000005 1.0445912597283369
7.2 1.0329636700384084
7.300000000000001 1.0270879699725561
7.4 0.9932647615393884
7.5 1.0057710768338126
7.6000000000000005 0.9781227082472412
7.7 1.016481178840523
7.800000000000001 0.9670791018717575
7.9 1.0074277579161652
8.0 1.0018470688330556
8.1 0.9635203812610292
8.200000000000001 1.0461430465385835
8.3 0.9892157078603968
8.4 0.9963743212943307
8.5 0.9919350027555444
8.6 1.002153453677069
8.700000000000001 0.9988180523891379
8.8 0.9820745553269438
8.9 0.9959265659414973
9.0 1.0380056985382022
9.1 1.0150857090165792
9.200000000000001 1.0113476004063986
9.3 1.0095793246948068
9.4 0.9906591320465779
9.5 0.9860141007961721
9.600000000000001 1.0037238571070621
9.700000000000001 1.0170588751560643
9.8 0.9830133776210287
9.9 0.982596793671276
