0.0 0.0
0.1 0.0
0.2 0.0
0.30000000000000004 0.0
0.4 0.0
0.5 0.0
0.6000000000000001 0.0
0.7000000000000001 0.0
0.8 0.04115329683289793
0.9 0.0
1.0 0.026979653814921005
1.1 0.0899774852668902
1.2000000000000002 0.17136969875191826
1.3 0.4244733102947169
1.4000000000000001 0.4811870428417131
1.5 0.4087361423306271
1.6 0.6776945600854455
1.7000000000000002 0.796824552605643
1.8 0.8521577511669012
1.9000000000000001 0.8218035655894649
2.0 0.9348097022058117
2.1 0.940027938183037
2.2 0.8524611486814573
2.3000000000000003 1.1371671708436315
2.4000000000000004 1.0958293482594594
2.5 0.9886916089962028
2.6 1.042641334377673
2.7 1.0114932618218972
2.8000000000000003 1.0993350938948112
2.9000000000000004 1.043175392908981
3.0 0.9950958593198793
3.1 0.9149247399682062
3.2 0.9412144676095856
3.3000000000000003 0.9946093049530944
3.4000000000000004 0.9703004704964086
3.5 1.003798677708017
3.6 0.9383816545785134
3.7 1.0414056845384014
3.8000000000000003 1.0040775143623624
3.9000000000000004 1.0797970996817328
4.0 0.9872108076671277
4.1000000000000005 1.0335395232858202
4.2 1.041507241345443
4.3 0.9564208861978547
4.4 1.0612299918184869
4.5 0.966211295662616
4.6000000000000005 0.9691547480450365
4.7 1.033003075516992
4.800000000000001 1.0237473032316466
4.9 0.9548617350581877
5.0 0.9477683329164748
5.1000000000000005 1.0179402701211686
5.2 1.0086912438623883
5.300000000000001 1.0129356599519785
5.4 0.983120903366268
5.5 0.9702398522226823
5.6000000000000005 0.9856208145833734
5.7 0.9858494431847002
5.800000000000001 1.0368049451626289
5.9 0.9442319987294728
6.0 1.0035468098825011
6.1000000000000005 1.0506657553543992
6.2 0.9822606124260073
6.300000000000001 1.0091487822777558
6.4 1.0188845403204974
6.5 1.0449055793321973
6.6000000000000005 1.0318909231724323
6.7 0.998276797912427
6.800000000000001 1.0118472212345293
6.9 0.9971133419233636
7.0 0.9708242394238937
7.1000000000000005 0.9822884365449855
7.2 1.0006835553497082
7.300000000000001 1.0044964427360354
7.4 0.9862926006862501
7.5 1.0005490047837928
7.6000000000000005 0.9872783030202263
7.7 0.9872406183570561
7.800000000000001 0.9781894012439105
7.9 1.0163763915769446
8.0 1.0303269029768656
8.1 0.9765167026826896
8.200000000000001 1.0072188278337615
8.3 0.9951928420468644
8.4 1.024723046753751
8.5 0.9764614682298011
8.6 1.0506896669952916
8.700000000000001 1.0069827776130273
8.8 1.0105790412594209
8.9 0.9892375069165171
9.0 0.9972995927131746
9.1 0.9894863496298213
9.200000000000001 1.0224804257290696
9.3 0.9894898878796319
9.4 1.0016590483849148
9.5 1.0082083936972446
9.600000000000001 0.9871016785817222
9.700000000000001 1.0136144023645874
9.8 0.9781044468963295
9.9 0.9988330931995039
