0.0 0.0
0.1 0.0
0.2 0.0
0.30000000000000004 0.0
0.4 0.0
0.5 0.0
0.6000000000000001 0.0
0.7000000000000001 0.0
0.8 0.0
0.9 0.0
1.0 0.10791861525968402
1.1 0.15746059921705785
1.2000000000000002 0.36178047514293854
1.3 0.6367099654420754
1.4000000000000001 0.6227126436775111
1.5 0.619297185349435
1.6 0.7104862323476444
1.7000000000000002 0.6996508266781256
1.8 0.6347705697467734
1.9000000000000001 0.7435365593428491
2.0 0.7719261934881324
2.1 0.8434497253560126
2.2 0.7760335974203612
2.3000000000000003 0.8784751130213837
2.4000000000000004 0.8826136832135012
2.5 0.9749597810934778
2.6 0.8010537081194318
2.7 0.8816128040782296
2.8000000000000003 0.9710793329404166
2.9000000000000004 0.9918716850609984
3.0 0.8639095884770657
3.1 1.0019175840963308
3.2 1.0313907040272705
3.3000000000000003 1.1537467937455896
3.4000000000000004 1.0153144098493347
3.5 1.0699312964746628
3.6 1.0545622403834722
3.7 1.136656204465694
3.8000000000000003 1.1787870018614135
3.9000000000000004 1.1236757804108493
4.0 1.0144316939079492
4.1000000000000005 1.036996177209853
4.2 1.081058149244637
4.3 1.0492314656150807
4.4 1.083777371248058
4.5 0.982027254371379
4.6000000000000005 0.941621942702848
4.7 1.0052980121889503
4.800000000000001 1.0047655856191935
4.9 0.9378540196754719
5.0 0.9442667257751577
5.1000000000000005 0.9853931170522447
5.2 0.9449730603635864
5.300000000000001 0.9952560847782786
5.4 0.9590690158221391
5.5 1.041751554478139
5.6000000000000005 0.9557817738391274
5.7 0.9417338060010927
5.800000000000001 0.9567830869789361
5.9 1.0123377795817323
6.0 1.0344501962484127
6.1000000000000005 0.9570109052516476
6.2 1.0356029265220668
6.300000000000001 1.0098870037717411
6.4 1.0181690315140925
6.5 0.9782980523628142
6.6000000000000005 0.9874650908636388
6.7 0.9923968953069218
6.800000000000001 0.997890707838191
6.9 1.067367310390152
7.0 0.993582611477014
7.1000000000000005 0.9834529752960762
7.2 0.9995509197465958
7.300000000000001 1.0094555584708815
7.4 1.0232986852144454
7.5 0.9984601759637849
7.6000000000000005 0.9811745731715695
7.7 1.058607410045518
7.800000000000001 1.0013761129770995
7.9 0.9900014713135947
8.0 0.9857697431067114
8.1 0.9957871103079102
8.200000000000001 0.9940983046748328
8.3 0.9840924499862816
8.4 1.0276412979039853
8.5 1.026139658022977
8.6 1.0128950746573315
8.700000000000001 1.005427591856096
8.8 0.998417127261564
8.9 1.0408919071649754
9.0 1.0063857770491182
9.1 0.9759755766201436
9.200000000000001 1.0082164932843973
9.3 0.9956188686029056
9.4 0.9813258696988981
9.5 0.9732850210440864
9.600000000000001 0.9896589368163898
9.700000000000001 1.0042203856605598
9.8 1.0195235498859796
9.9 0.9720732661992764
