0.0 0.0
0.1 0.0
0.2 0.0
0.30000000000000004 0.0
0.4 0.0
0.5 0.0
0.6000000000000001 0.0
0.7000000000000001 0.0
0.8 0.0
0.9 0.0
1.0 0.13489826907460503
1.1 0.2249437131672255
1.2000000000000002 0.28561616458653044
1.3 0.3754956206453265
1.4000000000000001 0.4811870428417131
1.5 0.5449815231075028
1.6 0.7214167897683774
1.7000000000000002 0.7288029444563808
1.8 0.7391164168284348
1.9000000000000001 0.7904967630908186
2.0 0.9418915938891891
2.1 0.9207122956176321
2.2 0.9935581663942502
2.3000000000000003 0.9647057989621329
2.4000000000000004 0.9371572254345603
2.5 1.0390416446395279
2.6 1.1486008195786561
2.7 1.0469152048428976
2.8000000000000003 0.9967304851312956
2.9000000000000004 1.0192336625799225
3.0 0.9662988730373105
3.1 1.034914869800102
3.2 1.025754689251165
3.3000000000000003 1.0264368027115935
3.4000000000000004 1.0203159586663264
3.5 1.0132461946746807
3.6 0.9696610430644638
3.7 0.939805129949289
3.8000000000000003 1.0482569249943063
3.9000000000000004 0.9805931258593829
4.0 0.992654984915292
4.1000000000000005 0.9834180413873439
4.2 1.0283236053790448
4.3 1.0067588275766892
4.4 0.9920846949011349
4.5 0.9302659349608818
4.6000000000000005 1.0159605171267572
4.7 0.9868279699702557
4.800000000000001 1.0351363337991186
4.9 1.024107433402102
5.0 1.0154660709819372
5.1000000000000005 0.969680698329316
5.2 1.0205709051926735
5.300000000000001 1.023335410054155
5.4 1.0171944107204507
5.5 1.0465834262521563
5.6000000000000005 0.9567142438623851
5.7 1.0254634847373274
5.800000000000001 1.0359351423562846
5.9 0.9761828588823847
6.0 1.0043600568921303
6.1000000000000005 1.0168240868298755
6.2 0.9929290752452191
6.300000000000001 0.993646130904067
6.4 0.9959882585155424
6.5 0.9845425080161939
6.6000000000000005 0.9430392585548453
6.7 0.9734505424669608
6.800000000000001 0.990278064167461
6.9 0.9971133419233636
7.0 0.9959782295878687
7.1000000000000005 0.9991742484358004
7.2 1.0193720428010609
7.300000000000001 0.9901701083909247
7.4 1.0007732424581526
7.5 1.0083821128588226
7.6000000000000005 1.0091500016445796
7.7 0.9907098373974674
7.800000000000001 1.0033083389548652
7.9 1.0126085458250373
8.0 1.006440590469154
8.1 1.021779753151231
8.200000000000001 1.022963455624476
8.3 0.9759806250189327
8.4 1.0130500421528132
8.5 0.9992645717414228
8.6 0.9822615629728796
8.700000000000001 0.9789894339882635
8.8 0.9740932992658502
8.9 1.006703383259521
9.0 1.0263753825881943
9.1 0.9663758168501093
9.200000000000001 0.9988231719183936
9.3 1.0170703011343636
9.4 0.9729925997456127
9.5 0.9817710742121435
9.600000000000001 1.0241819229844034
9.700000000000001 1.0079779923421708
9.8 1.0109329211177558
9.9 1.0427312363684165
