0.0 0.0
0.1 0.0
0.2 0.0
0.30000000000000004 0.0
0.4 0.0
0.5 0.0
0.6000000000000001 0.0
0.7000000000000001 0.0
0.8 0.04115329683289793
0.9 0.0
1.0 0.21583723051936804
1.1 0.2249437131672255
1.2000000000000002 0.34273939750383653
1.3 0.29386613789634247
1.4000000000000001 0.4528819226745535
1.5 0.5449815231075028
1.6 0.7323473471891104
1.7000000000000002 0.6024771007506081
1.8 0.8260712893964859
1.9000000000000001 0.8452836674634495
2.0 1.0056286190395853
2.1 1.0559217935754661
2.2 0.9465258271566526
2.3000000000000003 0.9431481274769457
2.4000000000000004 0.9768252561407851
2.5 1.011577988834078
2.6 0.9705888844410047
2.7 1.0508509762896754
2.8000000000000003 0.9307703794976069
2.9000000000000004 1.008972921010326
3.0 1.0334918410299712
3.1 1.0169163503253178
3.2 1.025754689251165
3.3000000000000003 1.007870762352469
3.4000000000000004 1.0253175074833183
3.5 0.9943511607413532
3.6 1.0165801257933895
3.7 1.0837392489505315
3.8000000000000003 0.9378083984144465
3.9000000000000004 1.07788933095438
4.0 0.8910303429495583
4.1000000000000005 1.0231695615137215
4.2 0.9871247429840511
4.3 1.0130510702490434
4.4 0.9094109703260403
4.5 0.9949675842240034
4.6000000000000005 0.9870510715174591
4.7 1.0118944558384841
4.800000000000001 0.9718639417576077
4.9 1.003455207580233
5.0 1.0271380947863273
5.1000000000000005 1.0605882637976893
5.2 0.9827719827781299
5.300000000000001 1.0326951851461137
5.4 0.9931425231763217
5.5 1.021457693027266
5.6000000000000005 0.983755874536858
5.7 1.0704794410471312
5.800000000000001 0.9733093402994814
5.9 1.010656155363158
6.0 1.0067997979210181
6.1000000000000005 1.0160370712827935
6.2 1.0165521000591884
6.300000000000001 0.9825728084942891
6.4 0.9988502937411617
6.5 0.9637276558382617
6.6000000000000005 0.9854457348496027
6.7 0.9930502178186446
6.800000000000001 1.0080408993991643
6.9 1.0069735480239654
7.0 0.995379325060155
7.1000000000000005 0.9910224771781657
7.2 0.9689697584625641
7.300000000000001 0.9879660569532153
7.4 1.0061364431144129
7.5 1.0292704010589018
7.6000000000000005 0.9979598302553756
7.7 1.0184635897207581
7.800000000000001 0.9931641525715951
7.9 0.9692783196781056
8.0 0.992660025560859
8.1 0.9854796829734899
8.200000000000001 0.9682946091289396
8.3 0.9947659038906882
8.4 1.057240702427792
8.5 1.0070013390042944
8.6 1.0415393972713645
8.700000000000001 1.0062051847345617
8.8 1.026921613194041
8.9 1.0074466120400745
9.0 0.9747658555600344
9.1 0.9976639227672579
9.200000000000001 0.9995189735010606
9.3 0.9956188686029056
9.4 0.9993257327979947
9.5 1.000701500510117
9.600000000000001 0.9906179086543903
9.700000000000001 0.9932606995058608
9.8 1.0342503420600773
9.9 0.9928196489297899
