0.0 0.0
0.1 0.0
0.2 0.0
0.30000000000000004 0.0
0.4 0.0
0.5 0.0
0.6000000000000001 0.0
0.7000000000000001 0.052841807175969535
0.8 0.0
0.9 0.06590601780619079
1.0 0.13489826907460503
1.1 0.1349662279003353
1.2000000000000002 0.28561616458653044
1.3 0.4244733102947169
1.4000000000000001 0.4670344827581333
1.5 0.582139354228469
1.6 0.7214167897683774
1.7000000000000002 0.9231503963114157
1.8 0.7304209295716296
1.9000000000000001 0.9939909793320194
2.0 0.8781545687387928
2.1 0.9142737480958305
2.2 0.7290012581827635
2.3000000000000003 1.1209989172297412
2.4000000000000004 1.0958293482594594
2.5 1.0893916802828532
2.6 1.0384029549696339
2.7 1.0469152048428976
2.8000000000000003 1.0113882863832264
2.9000000000000004 1.0192336625799225
3.0 0.9598995427522952
3.1 0.9179244932140036
3.2 1.0792968296241656
3.3000000000000003 0.9203451435165967
3.4000000000000004 0.9677996960879126
3.5 0.9541992136330325
3.6 0.9540213488214886
3.7 0.9736719814789931
3.8000000000000003 1.0462487699655816
3.9000000000000004 0.9596076698585011
4.0 1.0815765466353089
4.1000000000000005 1.0231695615137215
4.2 1.000308378950449
4.3 1.003612706240512
4.4 1.0552173573039345
4.5 0.9964053986520728
4.6000000000000005 1.0173371573938665
4.7 0.968357927751561
4.800000000000001 0.9857838680067401
4.9 0.9961661867019261
5.0 1.0318069043080833
5.1000000000000005 0.9449897546218566
5.2 1.0367704433703349
5.300000000000001 1.0035758848600198
5.4 0.991138199214311
5.5 0.9982647085119829
5.6000000000000005 1.0024052750020116
5.7 1.0218622082325433
5.800000000000001 0.9941846076517491
5.9 0.9576849924780673
6.0 0.9954143397862085
6.1000000000000005 1.0176111023769574
6.2 0.9693060504312501
6.300000000000001 1.0157927757236227
6.4 0.9981347849347569
6.5 1.0344981532432311
6.6000000000000005 1.0379489912145405
6.7 1.0224497308461702
6.800000000000001 1.001697029673556
6.9 0.980474244128598
7.0 1.016939888057848
7.1000000000000005 0.988111130300439
7.2 0.9508475888127674
7.300000000000001 1.0232308799565648
7.4 1.014717564164429
7.5 0.995849139938775
7.6000000000000005 1.0122018665689079
7.7 0.9674165095547056
7.800000000000001 1.0081389038992796
7.9 0.9622136088932798
8.0 0.9742859390164654
8.1 0.98682413001711
8.200000000000001 1.018589947904833
8.3 0.9742728723942277
8.4 1.025139939775213
8.5 0.9866414251546323
8.6 1.0065296696319908
8.700000000000001 1.0108707420053555
8.8 1.0139995795713181
8.9 1.0234260308219716
9.0 0.9900306452444197
9.1 1.0118857890932345
9.200000000000001 0.9963878663790594
9.3 0.9874468943052073
9.4 0.9786592233138468
9.5 0.9925418340023698
9.600000000000001 1.0187477492357346
9.700000000000001 1.0064123228914996
9.8 1.009705688436581
9.9 0.9862048602331044
