0.0 0.0
0.1 0.0
0.2 0.0
0.30000000000000004 0.0
0.4 0.0
0.5 0.0
0.6000000000000001 0.0
0.7000000000000001 0.0
0.8 0.0
0.9 0.032953008903095396
1.0 0.026979653814921005
1.1 0.0899774852668902
1.2000000000000002 0.17136969875191826
1.3 0.3428438275457329
1.4000000000000001 0.35381400208949493
1.5 0.4830518045725593
1.6 0.6886251175061785
1.7000000000000002 0.6316292185288633
1.8 0.8956351874509269
1.9000000000000001 0.7591899605921723
2.0 0.8710726770554155
2.1 0.9464664857048386
2.2 1.0758647600600462
2.3000000000000003 0.9485375453482425
2.4000000000000004 1.071036829068069
2.5 1.1168553360883031
2.6 1.0172110579294371
2.7 1.0193648047154529
2.8000000000000003 0.9857371341923474
2.9000000000000004 0.9713502019218053
3.0 1.071887822740063
3.1 1.0439141295374943
3.2 1.0144826596989547
3.3000000000000003 1.0609165919499675
3.4000000000000004 0.9728012449049044
3.5 0.9919892814996873
3.6 0.9517871067867778
3.7 0.9969554419056647
3.8000000000000003 1.0080938244198119
3.9000000000000004 0.9901319694961472
4.0 0.9980991621634563
4.1000000000000005 0.9851463683493603
4.2 0.9788849705050523
4.3 1.0366469802703722
4.4 0.975549949986116
4.5 0.9590222235222692
4.6000000000000005 1.0269736392636326
4.7 0.968357927751561
4.800000000000001 1.0389326773216092
4.9 0.9828029817583638
5.0 1.0329741066885223
5.1000000000000005 0.9988609045290409
5.2 1.016251028345297
5.300000000000001 0.9661367844921849
5.4 0.9520538819551015
5.5 1.0639781646386188
5.6000000000000005 1.0080000951415578
5.7 0.9309299764867398
5.800000000000001 1.0246277058738062
5.9 1.0131785916910194
6.0 1.066980076633583
6.1000000000000005 0.9570109052516476
6.2 0.9784504471334317
6.300000000000001 0.9847874729762446
6.4 1.033910225254999
6.5 0.9914807920755047
6.6000000000000005 0.9834263788355666
6.7 1.0035033780062093
6.800000000000001 1.0391258610546452
6.9 0.9977296048046512
7.0 1.038500451055541
7.1000000000000005 1.0172245990777058
7.2 0.9955866951357029
7.300000000000001 0.9890680826720699
7.4 0.9932647615393884
7.5 0.9603390499986404
7.6000000000000005 1.0005030510256492
7.7 1.035314082202756
7.800000000000001 0.9854352486605321
7.9 0.963626551050245
8.0 1.0422700592307215
8.1 1.0025093455260103
8.200000000000001 0.953862033654118
8.3 1.031909523478023
8.4 0.9976250003587168
8.5 0.9943781924175039
8.6 0.9989707511643988
8.700000000000001 1.0159250957153823
8.8 0.9968968880118318
8.9 0.9992710954539874
9.0 0.9980264874600501
9.1 1.0061970425628437
9.200000000000001 1.0047374853710627
9.3 0.9952783696738348
9.4 0.9963257556148121
9.5 1.0003751138498072
9.600000000000001 0.9944537960063917
9.700000000000001 0.9791696744498193
9.8 1.0100124966068746
9.9 1.0201808203569889
