0.0 0.0
0.1 0.0
0.2 0.0
0.30000000000000004 0.0
0.4 0.0
0.5 0.0
0.6000000000000001 0.0
0.7000000000000001 0.0
0.8 0.0
0.9 0.0
1.0 0.05395930762984201
1.1 0.0449887426334451
1.2000000000000002 0.3236983198647345
1.3 0.21223665514735846
1.4000000000000001 0.33966144200591514
1.5 0.4830518045725593
1.6 0.8416529213964403
1.7000000000000002 0.6704987088998703
1.8 0.8173758021396808
1.9000000000000001 0.7748433618414954
2.0 0.920645918839057
2.1 0.9207122956176321
2.2 1.117018056892944
2.3000000000000003 1.0078211419325076
2.4000000000000004 0.922281713919726
2.5 0.9017233656122775
2.6 1.0850251284580663
2.7 1.0233005761622307
2.8000000000000003 1.0883417429558633
2.9000000000000004 0.9200464940738227
3.0 1.0014951896048947
3.1 0.9989178308505333
3.2 1.0539347631316918
3.3000000000000003 0.9627818071945954
3.4000000000000004 0.9753020193134003
3.5 0.9825417645330236
3.6 1.0478595142793399
3.7 1.0371723280971883
3.8000000000000003 1.0603058551666547
3.9000000000000004 1.028287344043205
4.0 0.9599899214263061
4.1000000000000005 0.959221463919114
4.2 1.0036042879420486
4.3 1.0712543149683207
4.4 0.9980973294156873
4.5 0.993529769795934
4.6000000000000005 0.9870510715174591
4.7 0.9564843291824002
4.800000000000001 1.002234689937533
4.9 0.9985958603280284
5.0 0.9874532138514011
5.1000000000000005 1.015695638875036
5.2 1.0616097352427492
5.300000000000001 0.9931761347578434
5.4 0.972097121575209
5.5 1.0262895648012835
5.6000000000000005 1.0061351550950424
5.7 1.0173606126015629
5.800000000000001 0.9950544104580936
5.9 1.0131785916910194
6.0 0.9889083637091746
6.1000000000000005 0.9680291229107948
6.2 1.0127419347666127
6.300000000000001 0.9744523720604519
6.4 1.0281861548037603
6.5 1.0351919816491624
6.6000000000000005 1.0298715671583962
6.7 0.9780238000490203
6.800000000000001 0.9693432940729535
6.9 0.972462826671859
7.0 1.0235278378626986
7.1000000000000005 1.0125664440733433
7.2 0.9599086736376657
7.300000000000001 0.9962312498446253
7.4 0.9938010816050143
7.5 1.0130819777038405
7.6000000000000005 0.9791399965553507
7.7 1.0318448631623447
7.800000000000001 1.0149016948214598
7.9 1.0078987386351534
8.0 0.9940380820516885
8.1 1.0334316275292714
8.200000000000001 0.9954103569907257
8.3 0.997754470983922
8.4 0.9963743212943307
8.5 0.9727966837368619
8.6 1.0120993990291638
8.700000000000001 0.9902645307260156
8.8 1.0216007758199785
8.9 0.9714000161832366
9.0 1.0045685401819295
9.1 1.007263682537292
9.200000000000001 0.994648362422392
9.3 0.9816584125110044
9.4 0.9996590635961262
9.5 1.0144097402431322
9.600000000000001 1.00724008717973
9.700000000000001 0.9810484777906249
9.8 0.9833201857913224
9.9 0.9973297321320754
